8787
185048361
658594434
570472123
325574192
383637146
422244061
366334558
620397581
722848946
196210796
198176268
504442368
645490721
678822424
249606854
678611206
151943155
915572060
827607016
86939556
641011117
761393442
845939189
660727552
389162469
77861360
257273381
435904761
728372401
528528402
435709323
258771720
594102614
335182121
538185459
742353175
644589834
51053072
408386514
355652221
658778393
785152347
851591056
589077828
286889927
600721103
612583043
962778758
312770320
189067786
236307860
676459807
178076091
472194603
175202100
839079372
46037412
843012031
993891782
172247154
902784592
672109671
145187631
985571912
656051238
545456645
5014563
480529058
886797892
554435215
597579207
377896877
481140701
736051715
383697253
343917310
304868228
852325278
248050277
532741157
929381081
845778343
919894000
347083432
645696956
630234663
131123159
260106509
77190968
158084117
571179167
275576832
994701675
555351834
466459230
922139143
143699352
357491038
997481516
523244408
79818347
483110750
821288243
21386517
325537143
473373157
553991465
110419621
15564578
580945201
886802996
218535731
596901767
818283613
733862176
184905221
631005396
640401168
494682111
538373200
390400875
596516614
118856901
578647429
82101320
833629254
611012828
479338575
210581794
771403547
146498511
818399609
580232849
402121460
42696857
198599912
800378556
481853100
643979236
691077809
897611111
552580545
936811057
208376675
626172595
436145693
70936442
269555887
952154809
886463412
261843630
420342214
749688255
445942780
220311121
583798770
585349773
556982702
654954413
753281596
416958155
503431003
727138505
781663310
542191416
799954010
706604277
90400138
972708347
520446658
872839758
894640917
91600774
122343611
255687751
839396786
81285606
340976763
411495377
219335679
774165245
613745811
653573507
454394010
305104346
552737007
545438776
51196956
713259025
681312065
749423055
179973486
624288806
465414774
652545559
166204903
230230381
893635303
35757406
973248812
960110218
718380119
535911354
615271405
209472152
640146114
812363016
687753503
743218635
152870047
948396879
352224341
282952963
934699863
165934476
46812618
379331390
987201972
104925836
268593043
228913111
1960663
740512476
576289895
848019443
621818948
451082255
519998685
194802806
192724699
389127260
291744346
851259315
330667719
483740852
165166218
830304042
49819621
322473468
436218250
256593686
138689606
458718578
491876780
506448489
543430310
323487218
729988939
489360533
856562430
273467816
426001682
691631987
349111449
434417508
913123841
418063718
829558229
521250175
29042288
758066003
73584232
402052552
63436239
659389616
830990613
575220600
969322158
279159121
153414114
388442368
238401849
9886173
729582315
833228677
87791599
875881051
694906860
859629034
176023087
930386323
864244102
94189371
868328063
599019893
878225429
590411328
133030733
629334446
324876650
122120777
40154015
218681930
993076532
377314412
184734199
727566576
602605318
480059449
326719983
88441651
112666595
9715389
483606241
463946939
811006261
318129537
646849675
34406698
272711602
491491237
705993726
136136798
62744600
498867221
852096000
948479108
413513674
360319814
327512447
333492821
142600140
381695594
378733860
616138560
357810525
41550379
269944674
450065653
739630771
427945054
822934500
183004506
79884893
552536647
783467512
865061167
161983624
435687167
641512146
578888218
530483686
994805193
629620460
130924596
856896179
894024175
564036543
334430983
255496203
619105228
88873237
779989770
383365025
792058570
2822222
102813797
146669803
925621986
421698270
837363973
867891068
57626054
832066088
806502352
754879429
579729160
492644244
108517768
68264026
132444817
286991864
863068864
619216131
283339218
867234382
499081248
852820344
20836637
646265240
653754781
296487195
257646264
311409595
397218471
55924110
439001596
190547858
823198051
680119793
859638750
144829752
703248142
305780960
710354684
493338200
834167717
794495108
579554315
895184346
530332964
34803822
289246734
849489967
72908117
168169158
803451193
228695824
30281894
420349749
894732115
777610681
177622009
735314538
895523166
786071212
750316312
184784921
437321537
701457858
836305206
652792712
349543738
550740730
486274341
542330205
607359039
703682320
154646013
878146796
507509430
796672306
432557603
161362689
965563737
740326167
546470717
594083900
518572406
780114757
375831680
38398941
651051387
600103435
510050665
845529647
475213750
27822901
928184509
660933698
682997063
895457659
506450199
234254502
215233207
45584238
58762705
522742757
823307716
355137452
907662066
319500463
484220221
504082063
874798378
92139045
487901446
61292703
797110903
90579058
854140398
481758987
383138383
354705030
141461463
180539507
797206878
984489947
746442211
925218549
670760321
3932163
162443451
182366841
157372634
19432140
489289416
356196287
846809902
106465922
733771225
534112558
364016664
597017438
26044110
113917732
879072719
883752869
966284703
834097599
643281661
392362887
82710698
309879025
573767663
778174996
629780500
409750853
71321503
642562613
443281023
924036801
778891270
342335195
119256427
69006005
826387415
851147967
253385853
872715525
290121860
901034243
691818586
254017761
560922081
89964277
596023152
321536742
624310512
888682204
635278600
15046196
565712710
338914877
945879160
144925759
528060940
641603496
870599649
802404554
815571374
864997896
958069992
260253506
823883088
837463010
203599615
267855592
999704824
470282750
435382083
737454328
484698651
655117516
179965544
962228985
598156543
832889807
486330332
486166339
491518344
918131565
865941669
664229403
357468860
501182749
435051926
484055104
235746169
782434354
217056593
538230938
302780070
445247420
606502128
99088616
827975361
341901299
463849978
579738634
795567309
25998227
520737376
140312128
304353878
800585854
630381368
407759341
350603360
21575034
105678976
631785878
565626471
836162373
396601426
878548200
922315453
406700328
488144875
159331451
503171864
620985261
333456160
913065098
740480897
276152254
448390599
624536180
146591051
95828426
302402173
657321848
333200065
769818267
286219608
895427941
693037370
322972555
190796507
918463239
362817331
423313137
654661832
481862801
350145495
444487951
957801033
405809955
960795462
468186792
627594235
981057699
899356171
367002898
357689263
215886612
258939039
891674236
855399663
83649136
119050489
795736440
546333788
144392189
297696073
774979467
171504300
802016727
707872149
724243364
827090339
22170497
926039944
230736042
339856229
964315690
243474771
897048705
480392854
267737250
527007146
433485350
173344756
800435204
486602741
431214547
529669039
577538452
254860422
304486361
508441524
989621901
733378431
167995591
498551776
261163847
54270524
27662840
50418701
770060527
393773382
940035125
976951008
880924357
108918941
936215848
654778934
819074420
518371836
315288307
32841008
557570682
954419447
584215240
665346234
514705618
283231090
42269959
524942721
546521813
214861372
556420771
357138966
854652637
116991974
367144508
727031749
174350175
668689387
400219753
278746554
774606362
192202835
613063538
110638667
567733275
625003420
226283537
376692676
553043936
226501820
177465904
408711556
842398796
42841540
653221010
280107031
403718878
376809932
267806826
941147151
438021479
49919549
779878251
814884327
316467515
803090140
211323395
559341505
7474009
748452178
546039281
928282422
18878030
305032733
415291216
343185121
385708901
353066282
860264335
58893905
248414091
239217135
780900879
514905722
165181600
310402691
367821164
901480849
576873921
766297465
908752726
201859763
134904635
707558619
879195068
564595878
568405405
200064591
246341272
470090512
175094442
211326771
592131245
778757584
293637355
929308435
564031687
393512588
474407068
11024211
725464789
899355234
426299824
504067153
824363634
586965120
838967501
433205441
127377711
820469534
689895961
684011201
673229565
247397854
310174870
518848713
656755447
823887077
86890390
778067536
928325869
134157946
5724563
460333262
203674430
292241876
521079394
828837404
747887910
357346883
36796641
413973691
20568312
644019341
783612619
27841202
412131796
809826414
966804462
900551402
593557660
493891375
313447329
551449515
907538028
806270876
268342788
953713844
616706636
692794067
749571894
819145352
137905985
245303836
288684793
990499397
401612612
589708989
576150340
384520809
265910385
413911079
805258188
830995109
616574922
838822693
854951234
374136967
629276219
696759300
697530578
501437915
103222879
433985075
212193237
616846511
462413141
737491150
687564156
376541202
334677113
952355707
557180024
270802323
367218832
643007728
340865722
467971773
945059502
296556079
667506533
610700243
354951653
571653521
786176229
876032328
700699867
589342138
688843422
924892814
798116094
967139002
534017482
738178856
674752606
547263621
78125747
30097926
532710692
546842818
610342758
335778301
642516059
289655568
169294904
841656611
332444451
626298903
74291827
778855055
214705521
854433969
297158773
265013413
176142585
515420855
56432329
386985610
412545147
646547241
118142116
384142626
915907249
712683353
819504539
380828057
347084361
850434950
798206542
517048825
477634810
185099042
822249321
466282220
443009378
53958477
422004725
785505733
815631753
424843666
532780486
453034395
143827329
839334678
749355629
732764440
285224896
370374151
267634359
437221676
516289890
263427888
664247195
374330134
944904658
549270086
484004060
471197201
534765320
764710708
11486865
887473243
996842080
226696241
144177640
399617815
474125031
350702044
853099260
872047615
708604361
869358522
671492431
992222671
589374828
648465922
177379990
849473159
775116714
404198357
173979929
733463034
701883804
424850398
460994472
639418961
800032709
979519998
204136783
131381940
656786662
120963469
488657687
439565211
58048442
263157499
26936838
887432198
524766202
964092039
144983936
661948719
929803237
863252015
966232894
276197214
461966273
131418552
546145542
849007352
917804381
583712350
523547707
374764320
418221533
4998929
80723389
653619355
216835445
474858062
91834358
688652154
833589858
40695801
557762507
312696499
748856456
767374550
148218443
927380654
261499435
901959265
127960563
184718159
294075225
222023820
722740440
970844907
512805489
203136290
324956881
957533620
355635893
127814361
884472563
248463840
580541320
560697233
668530803
742622766
21718883
358143177
8966953
727385806
356343057
906855408
508939525
668146262
78606647
8966598
390836073
578808879
109059642
868660127
240820062
777044525
500399267
573417372
627873974
804508613
608436309
793684286
786355026
561393296
496261677
609238031
413975009
198824295
693114013
618532498
449248465
217082333
561038554
676785528
12449932
257796107
598093918
289109020
433214943
970530452
581807486
46173437
657163046
521016169
907207146
344529586
405236994
439086754
145003356
778536470
560524232
979207839
958486942
769580899
225444964
636838463
738564328
339742083
534091850
144706913
948718086
877642816
771062928
77624629
956716710
341144473
489304897
645375875
469502987
594886690
605564428
116017617
534389712
947493706
838276775
431437075
131734702
880368827
156501123
981283332
832329327
783200667
154811123
929404749
476181028
833321261
489071193
864581607
854643961
109834265
196691711
62332021
576531961
681299595
1586141
929879267
718296535
787831306
943796440
258491909
259815209
617084275
712398116
460646332
174203619
721043166
617742543
397145189
261591618
296944196
258005763
803971154
849455020
200905500
539354660
372857515
711676742
417145468
55387751
120495843
611779016
182278783
793188298
279778150
165669196
141215793
531099174
423111768
602569008
160324496
487833376
815725059
407680506
297391222
155561756
897340953
718818538
989702111
392475434
673491395
368230974
419320833
175765750
61126503
913590432
335073677
811044548
700476186
462843086
854936285
159854327
903725928
23209224
825728694
484498609
136388161
946590683
931104550
904698531
48346175
188162766
366459755
545594919
487533601
677540641
998661319
761074620
291463665
349628676
584639417
306765757
645417723
896807489
7890478
935946771
273068418
135434454
554756130
880853984
909695886
556435559
216143152
892556498
711087088
951908007
97921871
69296301
648576627
727046509
753077702
41239843
423996974
980090930
237663914
444694370
586704195
143282489
21734607
638165121
381214841
179958212
194043990
298919708
865375994
363369622
797877427
144700808
455714772
448304725
563447468
632004825
436898739
142303605
169527443
378734823
264720007
448254090
62640430
861767937
300130679
211910275
909268245
780135702
235302704
435890661
20857482
291849356
265634904
152754085
721472595
673317004
857565481
519753047
135512361
939133732
789112681
19422620
698444867
814409332
819466681
280973997
250456093
66631705
295951911
907883353
306571911
713739414
410947476
155822185
267240024
329920042
803140892
95229093
840115683
362434451
207533592
668701296
317439801
853761049
967835651
67192141
954631324
10121816
917151995
811621986
236698353
25136025
459434402
470062627
70298031
128193941
974907659
196934613
161483268
723777373
434339724
586741565
854097846
767042660
1766464
212219424
52526903
320553311
859257699
414235384
679410863
298358149
499583594
670881385
804079668
814921053
617319892
244094174
928019983
594886870
773388153
101641180
91513123
423540501
877158129
840993000
409671426
167771062
682423888
790383348
261184199
684404658
236160384
71816968
597659927
158059765
305849487
330749130
677669696
531086786
223021504
371783554
823369175
494210282
428254155
59446973
450962724
108577793
351050351
818587595
311190328
545029276
774167586
131323573
675286467
189458202
878171104
319774972
176278503
698078826
809543368
509768746
979107616
43724730
433183958
69100192
498835603
719466305
769575405
859772299
213937147
529581118
501620938
150004147
446179874
544387349
276033130
821782868
578282959
332376208
193192636
876189338
198644014
468510105
425028865
741123816
53993961
458360589
83826049
328579943
864750201
95383545
885453005
702246233
156370739
893865993
747518136
539528759
344354011
13961781
862326220
15615571
630614105
923706072
379121343
383433976
763124540
741563899
294076421
879160291
744482317
628473965
163791286
661848515
553297068
441343438
638430243
481790618
59626389
427394985
399440681
660217767
185205334
375830059
770150608
525195335
974506636
364931361
441070452
700799408
1619987
255084290
854200838
182428025
362109046
326051875
309015088
792604768
192684160
759359665
628771710
563830928
513638542
172768813
539825895
90927035
17006530
953777128
469925975
12111358
308051206
534636207
751009823
562786717
935308237
777259207
693676686
948085037
32872605
291866564
358783479
906904444
49399104
728650086
799533259
832181816
228983301
234759280
880262617
136791156
932667833
687479366
718681318
801837817
806152453
348502826
51246290
744991990
889044316
344871371
830593850
371627248
766896802
39374097
648253673
736998670
981041190
939054741
124395763
709690435
450929993
76598187
570314331
832209735
765435705
423437248
942175307
26558775
691362706
352325960
946281692
438513501
514185940
930355012
597347453
22005826
207711973
826561321
727415353
682239871
914957673
712298532
972364528
214146588
304662793
170738742
995061588
171153194
953036926
156766125
61842819
371371505
320939893
107404046
186736300
463189471
743851956
539584663
147969388
233541300
327578249
12359585
202639835
248716123
441116714
520600022
166310993
260320496
791554423
799435281
803768863
455708381
897185374
78320148
321988527
951227827
873438592
916289639
673934849
787664120
702936754
254398867
453239605
938834840
336792188
412311133
740870151
223536707
502541140
798299221
856941754
389335749
619573662
584488925
193780059
75445592
327618000
387311680
229529529
38326961
469458137
962593121
597269173
627466123
679221260
943983244
354338323
872148364
988248225
419308295
32851091
376751264
692092760
27167507
227942334
993290346
835533621
627595148
187770034
93329463
358585668
615727540
346844945
717175203
55875295
571397557
987906371
862871300
99896087
676162630
132894183
351441967
897193736
26477503
514909724
145855364
287771423
423101129
49984441
982538803
497972000
259267777
639359909
553041023
53704671
794576410
928456666
996924589
837267010
966716295
96243946
397740138
184412271
703410976
92585349
574049225
25547464
201734965
551197795
591364417
253501572
652790056
44861357
977217774
345852208
122489845
16206766
914638658
141830201
500112952
708140386
187916261
620367513
395377902
998820255
204232850
889434437
520932760
293124553
992035981
32835004
4949187
116495305
291764796
544859000
60523197
94931232
632928041
424601118
129437010
665646582
751579784
310090789
184236904
750298499
171827551
199037638
335397716
87745728
665450324
813061526
223811055
884054271
525978625
699526963
959412466
224903719
495689054
809285739
439045752
55279952
430836419
248403689
184830147
750885201
498228513
396080489
259473812
312178742
750876669
172776442
325560057
787600641
497019972
326304388
771080285
240854072
761929660
494030073
296482139
705776878
672872639
748238989
619387446
33616061
356163712
289766400
353625065
927852427
400592995
2364392
795117904
591049639
888005651
944310071
785642953
161933023
707375664
789133517
938926242
716960847
878783674
956613563
688261453
647437583
730344275
293644201
466022203
877885510
216309281
445142233
408181630
586926455
627757272
60505743
176477714
790015162
339785996
59175312
202399583
218054112
397087718
817515673
613406768
388187943
126609605
675249919
650685170
726894820
850280790
732314008
696790953
776441635
748633136
845830268
192600181
762699541
183432012
212362434
791413219
26590655
759530053
451016979
785888168
452461462
85726303
880432090
918232031
952149863
666876420
213990618
402164944
906052109
347402741
885114881
359862576
357144594
379656061
149241993
393532600
677040389
310028408
229027742
729819718
177701819
20187152
83414206
559215097
702747564
510903225
592634309
133514159
206210604
646953047
264942568
48041870
327865465
419770587
722319452
28522148
770175183
234374125
980785761
307412439
202258341
840361833
274785825
183265197
30033328
78619399
830441354
40660514
688223218
240711593
39826060
459127306
562833063
734480646
738820174
358932725
707979573
219329371
231766864
824183155
701164400
607655489
666620913
127189880
23844651
327826014
99293000
485001573
540317199
374002619
511113472
268243869
592800096
868444555
245764039
181861023
104500045
35917225
492745253
355578122
830287886
322193201
830128580
26985521
818152994
276716869
192103592
656715503
456822742
762485862
655325237
859425757
429872997
873002694
836493636
425850270
229550080
279986718
716309902
458069666
388298434
710946045
158811024
452350413
399724616
844653010
488101759
444932966
710165620
114758391
347236611
537267990
472942159
627656773
317199077
479298619
586547999
315965538
191676224
830216793
811690735
252323609
642330038
56970229
914466235
740969029
729148606
533517692
378850895
728461049
545132192
244757061
468316760
868704291
97511781
633841564
708063485
935417962
667810259
76697909
302663957
110385950
780912893
401899193
786039313
643313442
2334300
71099214
792925292
692724014
785823364
851449774
286269038
754473707
800686251
9150324
126834258
275790880
806598392
504892032
447719837
731684438
996831175
759859659
76088034
692100311
866314405
633733534
960642198
916886412
356930750
893789438
407143242
782822832
703211726
680157992
623747611
684843637
21005531
659524642
649686362
517663779
926436010
781623996
700626391
180943557
81599909
198534337
341163320
641835896
852401609
233437076
248344220
317810297
732249300
925443068
610898693
109398633
167616286
132874768
62358620
485576209
42874484
533901786
451228244
252972971
802464153
204394334
110799746
986698231
566372487
377238587
727097612
36308835
181666304
165692198
737402168
524402921
941468602
155511985
585643618
872762592
586166960
741823679
371657196
430233250
929356836
482782284
649217152
152022921
133571810
335989039
40647682
645158891
687995445
584773005
188481941
482705789
102591990
260797945
213301214
168495950
190628304
819744789
964720750
732191244
764672142
328987838
357051425
372474644
84758661
81704494
703034709
911970464
561070736
118208450
708416318
86728135
709573508
340879317
883381313
58931214
968684866
720134239
752499249
277660763
82489688
357262769
561660849
51934934
605087393
650133448
11363460
928659620
515708510
778427521
831272673
72341246
961883957
601288881
180280231
531825272
12559349
444454545
350118567
686972319
456785394
278090682
964201681
902751268
20985083
963775435
704790403
424376082
131024959
323527376
786703757
618634165
396304455
859813754
695545259
987867908
641647099
126080125
711681890
336368335
556745440
754252856
983411235
1548892
761627165
290617888
638741315
300366586
397446575
642497378
458762830
115558481
986974679
124825680
915887759
707589772
465732479
235295116
908963669
577483013
502022205
5957502
609523664
544350743
966738174
648141257
519950868
312571656
527589306
221569984
14907090
564175423
581900122
800234243
225433437
508300704
259601104
429840992
332712243
891694520
275629531
851894742
503360326
319036408
532003787
447180196
296765765
525695906
175582498
198310107
650251912
276406856
82223769
202271570
407394349
65266267
392031884
70980836
119212134
91694621
430812769
442239982
942579991
741432606
698137209
873311499
486357368
881831591
547804868
947714933
667781385
735873784
164859312
645969763
830127693
827530186
877611136
38754587
293148803
104281268
826224114
88696306
357550777
26323449
534402095
601275195
500122323
765099167
713167657
302734373
583024986
457866009
559189877
325335260
265549915
276486986
481845732
4024043
277304076
385091626
579760646
912738166
324922349
211111622
499135864
642102338
360658226
461349162
36917454
163003324
64868306
736549893
174923563
26622505
17074100
346409841
865112436
434073223
782221943
313591659
703689270
90908268
802055655
656900116
208178146
477438572
417084277
720108079
627775010
773897021
688854670
343636509
16056113
947224803
31603789
988217493
37970533
672505401
330902374
701791109
393821616
556281305
297965872
929843289
800089001
503331222
144062311
919754813
863184030
7465536
248433706
762991768
67779396
400275372
414199415
276184366
809467840
685097449
993354365
248508745
296171714
396241051
165870537
920803999
632011309
195521538
290566324
46332974
446893793
143484308
149762148
663491993
997469270
24868492
278360842
197463443
646492650
817512619
573150310
874429578
508087583
990294775
884597159
369143161
900309374
565866477
161830428
487070252
792762604
89249421
391409653
533005771
647208917
127315265
804136005
892667912
738147696
995513193
206699634
276497128
200624633
536717901
415944096
625476860
772834800
545404286
5429415
149540068
664502428
814668357
333218331
251636662
151387488
383886711
910505045
850284582
892686532
118847153
503290390
754026986
383893374
175589369
849271381
656061509
698060898
142399217
957086115
798930632
609776469
873453750
138172282
833939205
902536873
344993806
569593812
113558183
691822513
812067633
308254180
87427918
353271369
892938764
218415173
148742783
818767671
266142329
989065906
797942602
783593880
455877681
583122289
414350951
162652994
461264499
509578872
218164753
68206809
944128163
344713240
55241866
340196827
353034061
249436410
57754297
547509192
399055797
58457416
303816006
998094819
356654540
421208685
818184135
418849059
581879055
572746511
505291975
964667075
332448621
611652859
441875026
55970070
382169996
862587078
787813805
155264397
39053581
419593642
554668912
943718143
570767620
529006184
169110623
49638995
626841566
499948563
502723256
102685881
190066819
892134232
468011328
430938966
241729401
437665505
918927897
799519146
989263429
620969515
821330346
678061466
907487859
193341258
6258275
547707269
280432113
323090031
894367154
5468740
803454119
740387827
752208856
391721594
362376583
77209575
915272220
728780012
339538410
296242123
799131886
114038917
435451905
113448200
428493594
889361369
611511019
286108699
394230754
502331556
825335117
145758712
599322546
217828945
417622312
262572018
982366372
966327792
444694010
1933628
10639765
880536047
507692092
569863031
845238987
119047740
868232985
654214022
285697523
750644402
524409766
157882224
617815118
717094950
844225282
528580402
762501122
757605444
512136584
670517217
335377384
553683730
557368097
874574072
851617801
918748714
41290741
585640854
950034173
799949806
542956661
46653288
975644224
450128326
658177748
155436009
995447598
12085322
864843744
222993378
683686704
971323310
851713827
919125478
695008929
189525960
443386103
436059093
783896122
657583465
759093078
205797207
662065820
820522151
698496608
639020632
255654608
529467822
302969633
756560904
767227731
189280576
169907772
157618884
83585438
642179010
843126718
644716165
820071444
282013095
918206
781263349
891037307
24912687
92417678
88866526
992049665
274191480
925814933
390878121
949055482
552748910
19513557
94973694
411466604
352111182
28941983
456109103
375885000
878780080
312036028
747838219
522530160
110995021
462212935
164359837
418897622
981305586
434419635
605906297
64688180
303750432
856419058
749822385
52330789
872008144
752295909
289135547
623263318
353978247
356367524
926421411
54977797
14918087
28633027
636158777
353364836
857945780
566082002
809979049
259470018
782996202
30367978
896698440
275729400
100899804
506259210
92220090
408257613
608690053
932446350
302121412
373778308
219275058
688855611
5850983
659200746
141385834
271533106
843760074
900590610
112400989
874707380
561535424
497169073
577231653
698175011
597235979
272351323
591467747
811214590
730488255
642988677
33620524
7767736
760797023
757116549
707008008
810068457
854309535
529293152
907221126
417366400
617653942
694804595
132909999
404257470
554674575
575759167
289265220
621778619
884361256
940489123
504248377
904834260
463061917
439379128
253102423
432263183
44267697
41518005
546513761
116804131
490999954
761361651
612955072
428090694
593041925
621098327
421091614
521745120
567764971
791417831
807104742
301022773
100800398
407712799
154277717
719453867
875314153
495822802
99520813
190477202
235886896
274896608
859095108
490022230
301708856
640808914
94354835
982351862
549073381
507393939
880478340
561824942
465844459
607063851
799410620
816371351
855297114
519138268
279535183
890734429
410431001
163673023
97949067
196742096
500143638
332743550
490348090
754818059
784064493
707076309
571755887
979415677
895022378
943025030
560691328
531967682
867920718
209982786
240639467
149276838
573883225
325755790
410488797
341843323
97039333
523152005
372329417
19627180
405235694
949932014
659366589
40009416
558797964
383174778
510439558
330567866
929442440
343324031
180546420
716858543
916580672
931885070
698584228
982402278
323617712
999953995
645025664
43184842
331958133
421172559
9238805
351088659
641286703
977359499
100944084
689303808
904505640
655153498
271621051
765279275
270079499
641337619
721794554
196709584
92436009
255526278
572296453
438601805
334280558
658837948
360114852
26763665
206560206
7702072
31850045
392264017
349165270
599147191
546877454
297807929
922582935
107814235
682834814
553386257
357752972
581029369
796527038
880440531
62441857
572406234
547946474
432084092
100527996
387431511
79332895
535442942
418590225
595536618
467078920
337110500
999322826
197576199
312351705
487914141
639250728
480341437
202656706
203322080
599477569
96026593
128663896
40855402
89526202
183373094
638813457
515663387
957785015
947709282
875648212
626037405
671937302
425292952
49418733
491632893
348688660
673255297
56834968
583438904
900079059
864787181
506092291
10052841
514761051
881103431
403059049
556972187
921252568
327786734
157011613
408468898
883950149
838530574
429167452
245499116
706379797
309113992
248734535
635437085
927349987
845283312
30821335
472342290
53755743
215058020
826952442
831259048
487507073
459356557
62165351
380691205
67065609
874644080
440671370
786559752
643122401
117696341
690836783
291879528
232652891
211217874
675909880
231178409
906549372
474161987
192115263
636761496
818147394
839792521
444188520
178575444
355938266
59694139
239569357
467838846
351588768
458473196
606822413
889365581
65145733
798092812
197826591
548767228
244429950
663973595
412623358
437830930
535939021
634613717
708990038
557706268
36524032
839452114
173513445
845797295
413391474
815261551
907401830
5374931
779495040
238136126
274018332
438454993
596236186
536106840
909880059
645354838
902236123
305907490
288746317
926599079
308834536
177507431
305593956
75580138
999235426
431768961
793153811
425681786
174855244
109234481
519818263
567619499
690075238
519158286
691141273
969697860
704033823
95130137
803949103
96201489
46630473
37722303
18024504
859239719
896625861
193430130
428511085
525598766
976648288
6135703
690280495
191027676
399280415
118038012
344757801
831133659
603949286
599417341
650678631
78789481
172849937
622767410
329206415
537393924
617848391
929588199
462656419
41037029
347675793
473937112
442810418
201881770
177228723
666001287
970072228
85660577
83026780
97367500
44092302
992176711
565391701
813581105
422976025
261792051
548601241
259642677
375830201
543067522
314231834
526205312
913162354
295647293
722366742
147545181
265379454
157072029
583308488
999674359
244396570
43749178
646168955
260063112
414687479
721049151
556579101
830821480
732021470
45711313
875452131
148724924
800719055
46829966
4759129
46062735
704995978
304603109
146691041
274409091
894368088
949458444
8801278
125522325
631878934
885553899
823470672
975390099
633432206
342983656
816159825
795591763
353081780
601271926
537758623
428016416
553103070
61223442
439148931
19080110
703706671
236043318
759364854
365187408
164405291
210001507
918488188
307611131
33975479
646913204
987268524
65311575
63050684
355231616
88789771
305865224
650168701
623260050
344164566
413208428
80813008
39699827
34922156
561590555
87082183
784972866
524747462
706664008
145898257
693063680
602635998
872221408
39637332
58231198
118939093
646944700
644707452
389035650
335423730
526511816
433833892
263924994
823323427
382316021
924929031
464806559
326224496
803012961
740297946
616498427
177546709
156201770
53357742
613199469
195013586
586126414
171811383
72786361
80990338
698003795
691457212
890960838
118337205
748627874
609184284
422261741
616851641
473425125
724384955
166335118
783170052
136265925
544807793
15477084
978307454
513262499
996025875
436316991
310107818
363415408
416200700
209969459
780803904
491160577
558580380
468673662
957084944
453116595
15216729
344378028
904986830
444049653
501571518
389482837
390203333
688617759
878552825
776841572
381319669
402714867
45140211
217568991
468239576
906296558
461201098
209681278
213204987
820498157
876862644
350568606
757597449
711176928
694293466
684238676
99556242
271864533
950594832
374916547
575846141
638547712
524651372
731627664
318842096
908696096
608311822
273488361
349460511
271358994
360804964
833398251
195113196
343012389
690428077
333302100
537503951
94240586
718709605
874374012
331756773
191916787
509870936
995737759
105970194
45824211
261113407
392858827
192087749
271421630
850917434
189440141
869168542
697695673
669239784
283305985
883284728
933579877
341793638
370433114
810495524
552155032
202422684
536609248
198189507
419320056
808644324
926675522
664063549
798054636
919924944
468326565
100225874
548535871
946991757
576692774
510920671
585123654
856953534
279446030
253480636
538823099
299354147
150458693
2476786
777136326
438336034
170499659
473210130
122889630
681241923
58955286
316769662
933780659
642135059
929616463
47401508
594850952
140024596
320058135
672773421
45457055
539190229
642219219
505261009
345617589
420259983
247383172
445265305
353691131
672240270
528674537
582260330
434130643
707814734
987191899
254827508
652788168
168578194
598343630
648546585
779324225
473718832
151925683
768412296
506005839
543702602
285475848
185281155
614115665
250496403
674444047
59432117
769076666
127305668
671657795
885514576
521351658
578188199
542739463
152541357
873105595
846385442
733437460
336580666
45914712
271071210
71980887
123753511
656110583
437689126
687680769
995222324
716093214
948813868
962563912
558945029
144060066
249351527
379041077
397797245
157287506
452892839
768123266
839576637
976781685
914677006
942706814
969876651
901140460
890683524
165708964
988019692
111282502
812782689
425212066
527129932
865605776
127392725
879870248
89087440
239432046
680357891
490147709
470545012
264025948
91424150
301223952
633029006
419039319
293372158
665556561
640076959
826688070
699566388
669408390
569364775
517706499
507210439
393616905
518968727
476606608
490434708
623321560
28767783
280290700
913799110
981816589
619453370
471775715
471067054
42847891
441863311
468797549
770949300
778511160
230645642
447344972
118529800
470653911
279832368
476871992
41704027
581618456
414063231
111086191
359112780
272501105
378152708
876232200
899509877
34036174
303855139
234386915
757539840
151709205
710362269
264139557
799918091
516592142
461163484
351395838
386853702
825341505
144497707
615741175
395074762
744053399
929450611
609825108
748578996
341929531
79343979
1511441
979016952
213688706
573153805
412314266
486259699
573471466
233220662
149504310
773262132
800406846
106869118
933183155
856745619
130825142
587484525
269444499
206995295
729043260
530850880
146943594
855559720
752340367
931096548
967850286
931031298
273363049
318274182
315964212
295087550
793793756
489852330
229102483
650304903
167099526
361103839
314911903
851153884
559017851
65282458
225744675
869678336
255013247
280341858
43023221
807901902
708775303
632966601
629897502
45105131
805817938
110257464
674489538
478055321
693693224
890035823
628591383
509372157
946209360
394688946
60380420
690057965
247466294
239530126
82188989
175640268
821316539
989339841
285094490
619239042
811922043
202706172
156114991
748919057
456623356
497684526
931752185
684638476
596531387
170021848
941184679
636861534
666054813
947067959
792735159
8035389
808948958
151593790
497589691
413048553
352375256
502973594
478095252
279808326
688533926
987629268
582491068
356825643
354559009
747707892
412766735
831174224
888107151
871407334
931591481
802797335
187809024
117120872
819538463
19781962
761925753
474283000
220108723
46161061
535347008
198338038
99153609
676878072
862262711
791815639
91561147
522591916
18563053
769913933
536081264
387211787
694062046
283886733
417092394
369503363
990457922
518582341
550462761
997680646
826029626
530389744
863313000
845549570
27527043
108910033
533939962
490295533
423208017
958855359
151552743
411556764
864488176
384371713
38816161
974713551
151207629
907985019
687033601
797173605
763775948
824485430
406921467
177880383
7186268
61533330
71456789
764380321
689301999
606582164
191283277
232606288
5710895
907653051
198289859
164057375
376828170
28224823
110859939
578536073
357839205
462613780
912795506
563560617
977321702
427884003
683722735
388347555
355123124
919050698
718984280
468914070
310256110
252623907
806847938
934678281
542752424
366297112
796008712
735336096
502925477
731210112
212510038
233849822
715325367
920675646
741498375
825422669
876112287
531400103
691395755
347975367
660395498
676619472
132556512
253819252
692473617
29374750
120189364
500346737
909661887
12453030
665529671
890230033
955817168
420571330
845256145
817309012
418835
110807470
209458842
314880983
919020202
556642808
79360970
170197046
845175277
135161661
500563707
624469396
804776350
822885273
518694364
550929186
349594956
720960943
697214615
587001892
789103331
319707745
204590819
270812339
309917324
391652900
445632137
730864093
782957126
911455642
273036196
637922916
618047624
774624048
543508110
298813050
65347593
72836670
744438475
947828305
750557605
921479196
57243158
712467932
365035443
533575352
798789411
447795947
50379089
656623146
476816719
715147186
288897174
152969892
261212508
236419935
943724119
169231447
722537340
330284980
752748353
610498790
261246368
661333477
969483083
655647322
349231713
780466947
363797664
308286580
694714797
399149455
426221238
260754280
278120335
302870524
982421990
578814514
788051251
243869865
465855810
133851673
221791917
442950816
648149969
833683470
905425776
805993269
383787798
587179577
348445216
647369082
354720929
590011342
858307466
207417100
693360741
450935743
655293116
443975461
891988167
45925313
337305626
483894822
62293781
797811043
731720464
609551604
344733536
707591545
413544409
193189844
892093838
713796801
675734029
43933521
81962102
59313276
883034965
266243336
899308106
321247302
260067279
400970466
962546861
346299156
262573392
684998909
280085205
629822454
713575715
809151993
995554978
49736073
286050313
678701743
750900547
438533399
399118687
334076082
911502104
314546803
198782968
589450916
933821423
383257481
217225760
655991691
307977935
515746354
349699257
21036781
950722965
282511616
353352718
190902893
514307619
419984121
199441583
392863807
220111250
952002916
45014255
538433092
636088761
58506762
581784368
465264754
196810826
880243273
258141450
356009548
692577632
942497350
582292012
958737497
387190182
185398763
162816533
27157240
19335072
596935636
794704741
927454380
865355507
512646960
659506195
308589938
280035026
660308633
893618533
670196811
250436111
162770318
850905302
287274164
643941613
869231165
867194763
572382165
132746024
619606878
314982109
467303486
202485922
25324956
193864313
769773770
214796198
747599200
994151593
323544151
978786263
962143068
225493132
576804480
864318219
846328612
446266677
310537743
482160330
191081217
96519475
440805991
168242925
106506745
662885661
898994971
302747275
974422957
878916070
797871234
959279574
990259806
781098395
232178103
192955293
777307003
835339365
207511796
522701215
658992741
881563071
63360294
615634055
406535897
249111154
999666017
745148754
16881254
733793943
936997444
759117184
479346744
495833953
543813740
877931296
903754763
287978208
817369914
298930143
601168992
127216018
524470755
460576718
526032671
944818022
382465013
209387878
948392106
136530495
629002609
949160594
629617522
988867471
861661367
955404972
508933135
705178725
465189198
153805976
644965227
578140784
108152077
755248193
666841582
728178678
131454590
426618829
150880284
563314893
216693694
827010990
327364235
391480054
446699523
711614412
294917733
504178029
155132125
58105598
260191001
579298875
554031864
741682910
437148568
360893852
48891175
503266005
437128818
205781200
440971913
518103422
194381263
140177330
669361132
862423859
603504652
59427025
653873296
480509594
134159119
930786703
242736418
849480134
826050395
978790055
196120288
446692619
294084815
152219039
401312156
161341749
470106909
598613744
538270276
878970926
49912259
792669103
524428756
313022223
539703167
414026081
784225727
423410488
399970543
469862046
145488017
298385991
900093091
741369425
17968288
132657659
122965178
610706484
99288134
44832138
276031013
148115430
494753743
704855613
164843385
73116717
134751230
238482907
898397391
228766604
778679173
520491531
486355855
121328176
58544588
313037504
361096345
671624673
531029098
972318567
80876397
955234801
600852823
577593258
691492321
18073188
531287126
757218541
452363956
774673181
978263245
701498224
721673720
155872158
970741847
496453707
863330678
725531520
569024722
470904257
734024524
635020091
697673813
866370103
695861514
884716407
230138835
647966210
642114547
812704738
330384273
834219900
314164481
480120358
546826821
156782376
474200769
747320223
302849891
526476675
641424609
810904075
374991770
616729581
540928847
78481782
716235417
385635471
331871132
188910886
173206600
835436736
218528794
151950295
897343360
975776289
279512467
647902800
814760119
524251646
73660781
263211441
792666213
731373187
569236745
201116444
40585725
8630688
522706727
962025702
788251172
363548642
9763686
638799080
674552392
954896771
225191680
342453081
889592098
838401580
441260796
91590875
278459396
908267966
554274611
212254951
502343150
604881490
604035470
419446724
358722713
881773615
44603502
878842471
747594717
983826608
168676561
687150828
933261847
641107669
531724926
897881768
705583711
626828000
885533208
550149561
510267944
841868927
185189828
705020388
216221388
332589569
381615124
236660864
761447548
789962359
593278968
406659383
775219524
921444275
332665794
434043724
941862472
185158844
870470777
58780020
90185522
700226022
125420633
756931916
617274109
564990565
538689104
833288174
521779617
497176175
368512809
355295472
298631108
514445550
620136660
929812939
884357716
684367757
650535665
424153338
624435503
860581812
3013815
311837507
527032687
74719971
689975282
358650787
990100747
83129937
716498909
234537365
187300926
287959678
336031709
783658187
453888219
318459771
634266894
723544542
345754357
67689837
955180103
920830284
643646040
817737696
916606233
896598678
766455978
502585173
81825952
949911519
87117036
772790601
760663533
203255694
88797592
720869817
81375853
227791914
464959863
363540757
974260895
662332595
71261859
957478203
308561427
307870688
568079609
23338951
559233517
898994629
938061966
821313234
966783446
569230689
576754551
31563803
794655065
277126450
261863948
195591670
139916198
469302501
872614327
257736956
272197264
750226569
131536388
772336835
691422252
779285514
515770221
832849447
32995125
685527526
140669144
101378525
247649196
422663702
430075110
460249742
1421583
664828324
10813754
673945594
489385508
390427605
163057529
932968506
391708741
584459763
937154802
152290031
859603334
232746384
186594565
731377667
997326116
851179919
754824272
739785129
97337980
67331529
9970923
984949756
245526079
125818427
82371116
660589545
450136383
923511567
648783444
721143401
15799661
433317287
476949868
723842285
318403460
522885074
926485053
372793234
958983440
65014274
498071548
129544007
239470930
74490023
927317370
42149199
343266141
355914408
387251854
756430601
555660742
444827944
555818261
366083820
541873310
930522889
868166666
898371172
144445207
845281759
367000764
438009852
48351101
236474492
243672918
407905608
941036459
265483863
926999811
168236621
664315546
65335941
128415177
201715449
515633155
626720081
25549748
826696209
397333665
776383198
560612947
71460017
360940594
342665293
998023573
149527744
411268711
646209424
710692094
27978259
574086518
870561769
925541428
503335393
269692669
374413833
375818154
705733760
400234272
586490426
94430123
182667447
50195286
636115427
465791477
757061406
560371176
34341520
948392883
262386928
138698878
216789427
819416661
44609778
767886609
834058489
710904317
980943879
670300300
890639282
191701202
160096178
51876713
658138593
41251353
514671756
61793357
256845905
507901237
842591879
666126952
365642267
946727724
841045566
927347948
462614333
451306214
266030074
377373934
70994415
1859628
775428181
292726668
868506263
102242422
63397135
128104320
723465490
873396520
452648181
157965905
732081588
19930970
953374915
376707453
959729087
188556057
358102522
552838090
586654751
362774662
448973958
694872017
882685892
95514932
326803344
25378775
966110169
856482194
135366684
949537287
303208753
973779002
707536601
210978291
375016739
208508068
465418264
353876256
452345946
399650140
372711195
788260044
481988672
609081196
968960101
82508588
190175454
910301263
673546115
44176967
475371377
53481247
557002215
842897171
473373823
151120774
461581363
99470774
734214757
553645780
195071078
368338844
905544572
677500957
587160634
971492719
771500386
42650408
161350014
913977919
654068551
705266678
39484633
98405096
360507384
724500396
167417339
25004561
45992873
123367945
91611890
464698542
869307816
966377334
970920992
635986010
870474026
623592899
583371831
862197274
258182416
941343680
746392902
417097790
258491755
625878001
292126091
618925117
278610647
37220475
117553093
674839678
929905369
710214408
385796861
613411630
662673874
240116114
244426828
146171592
121681336
287887754
275491648
17340858
366841972
717833328
482269103
513550446
810202186
845824207
172490206
330437010
943647681
473001546
959425898
444010435
416648955
287597990
446272628
249430865
677724030
143902920
743668703
652969941
279369349
640428146
534772656
11067586
459932346
545381175
100768974
513368441
131247604
4638458
499669092
480317546
860658172
615076803
199914738
207713711
583584541
889797335
814700658
192513016
448533107
715495393
109644689
78399607
969063287
673877327
592476875
100446642
235353281
442032371
316383978
168187639
665806329
842874298
122089077
794651946
901526997
162972405
142645446
328006608
325520396
617594735
77566107
466068311
49588129
926629056
914234999
456429360
693373644
719838110
698365407
918202416
694911380
535121565
331764977
722296811
55755565
683918831
973163405
129198316
193888487
448154607
21695031
331074283
408461224
836316658
890808890
973497791
587134470
352348421
283369209
49499348
400855737
937495932
188538877
44042075
556308857
475362657
308752895
708212899
660570667
670755786
656679794
508640803
76317081
688045686
894664484
921433490
705828275
272690404
985418587
789900773
848649335
465306119
463095386
480223481
194766337
552627616
417126831
9243454
285924154
499714775
906214837
980371581
510344240
812886301
29514008
408236581
319622877
3059278
842410853
341741551
103888045
483599023
468996053
738231032
454349005
30192517
41656317
688065699
860344702
571814624
731905361
160523734
714552005
229250760
900508337
708236667
531489996
169537370
224145356
864576948
814389900
318941451
537563335
826855049
999496360
744590311
998736031
513898243
156373410
308304060
870967918
823169587
119229650
364400089
987227985
919686528
523201127
829368526
380452144
650595870
642815949
678643284
129172602
850451587
276636176
569616068
970838377
690830714
117304970
940596654
696784768
603687381
163731034
771740115
391418154
563406494
537981484
160463617
775103844
93511999
741403277
857260448
768571900
656385342
577789495
381149206
509776069
584366072
35725625
201914238
856806755
688891092
784730761
7904440
911678483
315555012
465473117
178088191
287102824
643440628
565580402
245122332
289829659
83849957
863052731
201407310
311754117
336323356
232705078
436324934
891213222
593940597
987341453
910738067
79529209
25107844
985471366
158134432
599805445
286963223
423775284
297088500
659575353
866791916
297394002
668411471
593334643
658700594
693962744
108511091
896852641
728599538
934344390
191558847
610510531
353157041
799154067
203625905
304182803
497650532
304869479
924262969
386428267
612726146
172792942
647452274
133422938
698806569
975967958
826341655
376479535
512593698
425292909
936002047
473817149
330830145
238133589
359003241
605999664
947254981
103082332
968966221
496223611
719849782
24350648
644277103
725239723
655515305
638610787
828101382
411600248
470938538
224149804
37746219
97880542
755526294
218647385
214311097
111068525
917974486
84824928
11416368
463208125
886951299
505249385
851305913
248945277
300545694
629437718
851898
57615911
493603695
841398474
947386205
286246218
564184289
113699534
621792669
647336011
128835741
743377575
537617017
84267054
444318001
740849117
575980651
963190985
564274580
49480946
302084391
209102704
18604767
481836737
350327188
949478228
968259423
509276050
909089453
313217250
70612939
98761435
227834976
197316732
952797767
713902563
777608216
116680860
512365571
579986471
220156096
801826561
968960270
49037051
756242925
759869027
202448785
69130090
543339639
938339828
770235999
96567266
623447643
353675663
797991462
487823838
139944665
665644227
833568280
991841516
38765512
413349904
649038808
123087674
133032364
977314691
619670444
494781666
91275454
339363704
494273765
907251478
440371175
299129243
190419509
364244963
872472433
569126751
725396411
445337248
910484496
667093990
663222627
801851090
899198813
537812382
799306062
426355827
746812121
958302441
297305300
33295482
255400704
11503863
93093568
546315429
199989686
643362856
457793641
278266850
504367645
448342267
999363282
946807990
229939109
826536325
660263153
535757996
549210682
887099089
980475888
946727015
755069289
887472340
484642658
551961228
259695812
354980634
869817523
20346248
833982436
323230718
158041838
161300001
974326046
427008718
777040479
267176671
821283370
290413359
30479194
210574090
739984473
142842130
840192854
7537211
421940619
363321248
943157584
623019542
846060601
222905296
956672262
893803665
843550164
771216602
250084962
102361381
895865389
450464496
70352977
447831076
637198438
239850550
216931267
211129905
33044211
107513831
182307984
827012664
19450331
467210108
867199527
602727716
446392829
343084420
127778691
849199778
627072839
494206159
940442528
391292842
451175601
2187091
14141413
436115966
8849537
102508449
823766529
997288194
480228400
701382723
947570458
648768468
712456875
568528713
284814464
921909137
493183092
170172888
253236320
451690831
223067088
779591102
979160732
377829273
976051731
383603611
851165827
940384493
207093794
420551972
371156720
390955234
739130242
416141910
689031417
377817668
411928079
346580287
249759253
822015770
709884523
337756386
389398963
596255338
437593922
176066774
266509483
408930247
516580225
973201848
419603089
179580524
47758303
135200997
634776365
872495417
773989277
13568277
389099265
89476447
207517501
953015743
236116843
643573624
941015814
128542344
835619052
33127962
154910308
819509131
933936320
640340171
111307694
816233426
777358671
609761633
961321874
710006712
691615080
691502447
84999722
235392626
633957014
548424195
107475583
955749748
703949940
769887360
249921293
592877454
988604151
648277522
804045735
307024399
773716466
182434823
715390491
659194530
170156487
888905502
557064711
765811504
266966816
773043370
937238622
425964279
856281484
621140800
941498434
862213918
830965784
415018207
269349683
138705737
650822301
320200513
445176253
441996358
172525644
984081470
98921585
875110998
98560336
599435281
412580625
374778416
530902683
550904808
427066963
635256653
788908018
257160372
240568152
921501011
674237942
596130800
511386156
63408982
440831965
569103679
693980201
800232774
180703512
104109805
812954288
89048365
442394330
680362210
685154148
730759055
888530367
115255718
63099542
333436506
896376686
264442521
625653011
335708537
700795850
953811604
803100863
356552417
622818364
101301455
29343759
560631120
561205445
417117060
381449415
196752696
231645547
792807121
321681849
752171533
540955466
284503286
579646424
681350892
805378327
275228839
756198870
427509099
77276930
838946075
266602594
292145923
967538702
93705063
975813622
345274852
402558258
353907097
410487255
288376272
898133354
289829027
83856130
745257015
912326732
250832260
260981095
437572655
356965671
8161648
893737926
323374004
212203779
838244826
988612812
247851450
675634433
521984468
891859163
523248079
544425039
703502895
17543877
218363000
706738734
720214383
69768258
845518642
325547762
14630242
687010569
785306788
882223280
318744972
334715489
775836687
497577460
255971644
120875765
23072670
120961209
154133467
851849984
296807712
355244821
435758925
980974108
991432999
138473847
321210036
819119254
600601606
945164253
123034423
35072806
412603058
329918607
458747307
573334395
835138239
249633766
178025069
144587559
869359779
295989619
306307882
330834301
865676327
473768239
858946168
12187683
4532184
58892389
500332380
13772953
156563327
626665278
634692895
331289439
375725543
567561430
538801557
965401224
478564193
347341482
358539608
778116104
90844862
790080127
809403702
795137081
297042090
31428803
651696825
10835024
598810905
11317150
67771763
996267263
73117460
212818709
478072417
207392400
22062357
407797465
691332785
661609316
555149301
162952523
33966560
991190537
868711558
11419754
265883832
770606749
166842075
836268249
768447588
63561473
364446608
85088938
720735852
233375692
270671509
582434591
421049413
340565806
562996979
404488489
138519877
890178900
237924250
917062623
864953025
144541012
907207893
306512232
97492852
54324410
319119679
871240607
663723276
982195408
723402047
660885371
498070349
290149601
591170131
823224138
16648549
282257910
587828575
502145327
483223160
476050852
997236426
547564279
933040325
964750758
207964098
213225999
705997877
559933787
934912450
175257518
622347060
922224793
702728986
850738738
373846526
736490986
371447119
940438134
519776340
293232053
883646750
51282324
516342107
318677172
912828180
437354031
888533703
154794805
314588146
140224304
225843827
292468420
566982864
414722586
124093131
160422526
722883032
954512855
93188486
5258694
216461842
335133185
522949687
915766918
958047425
878557519
511747716
38260511
855319279
143413877
20254879
630021750
729051612
423257756
236102134
838834909
283403913
262019278
158047209
50498353
799072778
550048774
202178994
953356190
723268311
877836467
499593579
421632470
948512169
689341844
478208698
178450607
589608955
379119226
800678927
985124770
883124476
287639506
363823067
861812059
576222636
871334662
351403622
360844323
935311753
767297635
320421409
877863989
823569673
927612033
887075527
124697854
328728068
229590415
619484010
915702243
442887135
312202544
164978536
790105120
886416127
137943149
927713398
135389030
998470146
841617228
49608256
215874927
117212352
364289436
717722322
201435895
983795282
723798116
640069639
580952687
107701308
569313900
4833248
745526044
211802701
729974041
701809592
887174303
801858790
713485104
44118251
275119524
662293408
525192621
539664005
947990570
364609166
300501876
217714477
759498098
43158879
200107514
421866991
15052706
652572877
120197387
623487943
46851074
405132539
608091728
960687429
280278940
315744946
246656525
417368610
392817458
946736707
203954516
179652992
228900880
388778056
387916947
518155936
45277660
19058465
996796808
45844474
775491997
481023028
29909555
211627173
980274922
62406484
948868486
28708503
59563394
189863005
78432980
654255584
511455058
953635916
268127601
565803460
209982941
165015257
130146682
426231048
855443570
38228199
763639290
582623512
137879305
697709995
905274497
489592647
257698656
701556901
848455487
941566634
692320364
803645176
936602668
666774952
213981887
945694713
210676864
486343635
862069428
118173051
383926312
629681055
100556930
409651906
238125806
213669235
964722171
485874247
247890872
942358799
847203580
156446738
837970020
609800829
477983027
254632641
813577525
349292548
331672290
654263544
973067954
596133717
644209187
838116604
616786572
424434920
888586058
421859906
772240392
25856041
495615964
707295139
263180956
906210784
180753163
30212831
117731972
930251599
603473278
802171538
272144844
934341091
229402745
307795357
697536328
879801636
71586142
178605967
860415317
817712286
141667519
192366585
848982133
829044806
277985018
617640310
526613096
841765549
89132604
765914337
925694622
888974460
459501538
369708855
94102478
180820425
351676669
106382603
182320140
211430210
785492802
503256768
171558785
383332165
601950739
734655338
486228494
360614708
994075078
346242756
181329440
177123626
753497757
584356192
55204716
341077491
446104414
599447870
265503722
3056989
516964135
31641091
352165964
431710981
221715695
719167190
63908210
797088049
106363944
221762990
409414365
583492916
374628204
327074262
389950838
80196731
200883467
345169411
702344372
649894346
151237423
589573028
590342550
856495117
759853317
993388522
452792310
858112539
305913838
264904760
699670581
655352361
53248343
467568939
313014515
354742377
343420109
246510664
336271455
877110688
570442372
650310403
633554886
907383676
138734009
303036009
269564619
302734866
211580713
449445394
634351230
397166968
290133195
522779522
714929801
154905670
771938859
5418397
647728182
274146812
412049525
956714210
411588708
87900323
189486958
913913533
351343821
308920148
499391012
547442045
272245891
479369369
489845721
366825063
709160140
646771962
774000940
20047011
370470471
630878396
517528085
364639512
642799034
857088268
659754615
331973189
590266076
194180127
184016794
976030546
253116900
872681907
471375565
950303705
277204431
870123893
216848324
106107437
399277318
847281303
475576253
801916364
982114084
141598653
936127843
298354293
183676932
989475622
663905790
638303525
763218226
649079931
322462870
810215008
549102141
218187156
759774487
526448859
934999614
669504961
374748490
550466081
783397650
955808368
724439121
632677595
520413688
224482123
322568594
876189647
550289079
548740096
607770864
845921979
62536618
576182099
235176730
51673262
243102464
440181341
990402833
889472885
136316847
563171663
809814387
339022485
43899927
464866449
775574664
620814112
924633662
438870239
620495373
343812528
593333641
441414265
673716896
77450512
337374552
427601158
929640978
476761781
324765263
590495427
39022147
618548670
498147955
214441018
202853046
121690958
90184208
948326931
167909664
33158557
440994950
328742808
908603453
881475250
342420280
816764324
703831056
409982690
925250643
784051309
499689870
576970037
226611379
812207195
949498046
508656241
271254471
604676765
662267145
517002354
429301665
105765502
630171041
444442694
214039203
78851304
357747399
348129491
813644716
73083957
218346686
18786295
668642905
499211095
398377173
145812335
18036543
332353927
348899952
490187650
494934606
554421141
833442120
599582043
253794017
75992876
925628566
518511811
798986642
586893652
100139309
451287461
928665157
751466466
543772727
780765901
646433585
334087102
7923516
619991535
768940249
504042940
293776656
683374357
729900470
853422477
57106746
21059450
666942212
595906685
29912197
487793050
327899971
598576683
27132564
127671873
466153672
989024032
832898504
207513500
338480342
611756184
256636819
555654798
441367074
807008399
134547756
610508205
775455350
643197764
918583008
721196226
691949292
139754022
507685838
468900868
287721797
504881385
605371571
276177300
768887760
220247463
64993911
867873121
76499189
92808987
242249838
470891796
70651139
15076416
256129977
840693084
300300651
292232133
641414522
476407111
863703023
654932343
196162379
776666384
778799778
292372235
751287707
105591188
897857205
922027262
708263053
85748984
616963352
253421523
878583563
964900344
79831159
315680125
221048375
812630161
15413398
743736789
708701719
895885071
127350025
789774833
931408225
957207590
265557997
982713437
688968100
945554168
159254051
586063098
491599144
152960813
380252594
413724321
371218799
990925210
426059394
266303575
330274394
939715398
302422206
596188711
996756215
70419609
500374049
810061072
591599782
853818267
566926664
247156115
186459518
273513811
705522533
938850553
628761308
596752554
39686729
378564055
816148229
587708718
595140562
608035276
836475481
572184610
289173886
67618048
136037658
939073538
918878560
187403810
318337464
534539704
813428152
805310482
931500033
970527025
663400683
317787032
691510775
277093945
139362314
389073852
734562935
502303499
45181189
669718167
493712457
154801358
291191147
772601104
498055815
575122856
659218379
903648672
154765719
313096478
543813067
970622202
213428330
419562594
16567609
275005339
165204035
839388002
334348380
170319981
41267734
391526033
58529243
817851151
694074735
287047530
206989359
124932164
120678228
439728594
794327454
647609354
442967071
17957031
696347755
956636125
91637223
224739569
854980877
287124097
512380722
208560595
478482060
562623032
166677158
113584587
982776002
851550396
783285864
909577441
497390023
77515440
952819694
48174824
777026549
17507607
190266555
379373129
442042979
956104227
397759315
27568125
581844928
675500359
674678242
822188075
78939352
830506290
397278693
642054143
122669815
879147402
178278591
934656885
325621947
486117856
327994677
192319712
784201926
881095271
242486826
763544233
867235722
682122329
519397946
429669028
851650820
666691163
221941035
569118020
172635903
484456270
495304743
465394312
133244638
563755324
92529296
783571664
73464585
405786903
33825495
999367037
982041942
368929020
593336971
404352609
638064078
372748947
900801713
763214600
448738360
4786549
665138879
541623357
109757735
775068819
598723204
176934386
145807962
798234288
369061631
110263503
288312626
827820901
6279544
290442074
137435007
784401230
942702766
8951872
664675735
175413335
763747294
73524818
980512499
110890285
113524688
162498269
895879443
32447047
539888557
896171787
949555286
403614594
38733983
570943381
383015782
639202973
503761185
922749496
319755697
802280879
768493642
949407129
186236404
561909750
189951040
922702382
840781778
89650604
95743612
243720534
449926158
247589544
549350205
781004605
602993871
466372158
506563946
85221866
70947601
401443282
404889752
300778540
707354571
3908007
159923844
473618537
767564754
380616370
836505373
806656888
102219328
997601640
839568101
133826059
654012123
793278617
880907518
254227070
947139536
860428456
906248379
332859157
231955529
987487507
787309112
329552743
922209324
754836648
291823163
832352590
533237159
711411733
397655955
587725970
100186844
570259664
846364123
324670638
937709221
98683652
933261689
153961659
681471163
814623904
834612976
595373331
970760532
284720941
728761917
57441378
81750022
712456986
447044152
4066423
585354610
803831093
70967756
774829066
934640671
687527358
922759474
977615225
702940191
651668708
977423447
183285153
237113451
387159559
590664756
547725943
221582020
894344539
527442255
847544581
754741193
302834805
704856781
362933523
974309220
657553095
543100534
328080308
75386666
14666584
157724884
762346334
770891535
539641247
720531541
87902425
363276340
656496010
662604495
368838329
529704680
437709492
62931716
598861310
119950961
49196377
628909366
810663662
364678634
469744727
210552655
595324457
464340121
89148237
917149013
247323906
797609802
399123761
334335066
343775285
509327852
767105741
663076139
359319361
73538036
548062657
570225482
269054389
916578717
840675480
827072011
632934648
4605630
87584623
89494702
988081501
310495564
188070537
442817642
41663369
807595366
797940586
758221355
651070936
827356708
971612418
995858024
919140144
147362642
882459022
850722321
245442545
297366323
664803797
253234624
362097356
177827222
605460690
814801925
308314078
90206583
599627737
377272566
288993905
241200079
89189303
260186716
811698664
155508960
525906781
18584345
540077367
793146467
77643488
510927742
348922244
15582307
355800372
753688196
333094328
662595873
319902195
729883979
910199556
468392938
150971563
239458710
384159257
172991477
350638385
431451668
128418736
119459266
352169974
338845336
133031015
415786803
126217379
20368701
409189394
967197237
670422243
786679945
684062115
433950436
498356859
877555564
989797370
155829104
794570356
160681370
468782023
641457747
88398775
661670838
729731497
836996162
119822986
262236411
720040084
601564635
781992498
695316000
769705950
261149284
185317519
228815461
846796675
68899086
1508958
522528334
927129475
759162077
121802941
541975395
287991934
806906733
849612001
112525531
659964466
7718606
114654822
184765466
680802152
833275304
417851904
858452191
316986669
995163949
566624482
590126269
916072604
57545455
913955668
670886067
262352264
624223945
505959906
463688374
513314519
243692845
670904229
265383920
426598397
177649475
482807726
240137323
479815797
277515200
803572875
927770882
753971175
327723203
207465586
365950523
883328536
367170439
492198912
3611991
122260245
632520165
993879651
375448208
563718779
629282370
527921009
735498171
992071031
652182352
592912328
461005726
224037785
134708004
449652052
347503356
630162567
148575415
129680478
535710883
630594506
919889920
933652561
750291943
580743148
999180374
929425761
412165501
637843262
718377741
134889819
818426750
167183425
138299198
849703160
684877902
766569915
83735133
53336379
500507870
462897747
546452586
902097458
246045432
968409258
452209508
260956724
147060180
564184629
970311447
343726827
681509539
679925967
34859165
161553338
944851355
253906773
685591562
995322115
523051726
401849854
448707257
177613023
827828870
113805489
540269194
519699853
33107164
881558371
707374970
415758571
688381000
655663651
334054719
497124923
900207769
546811442
241335551
305429845
752288623
41873908
397121311
934485111
492230396
166020686
679925138
779700833
932028966
772208570
38055699
610812470
123699061
762006575
405228688
875226361
500419072
889184517
766227762
83227994
619669570
484672708
845147593
175991248
69560008
348503880
116697719
16803031
212354321
45231686
441516449
911644430
30281454
138325104
12440716
469558557
286020490
541716032
302482199
763104564
364945458
151679441
734374830
747615905
688031674
105440899
313810000
517336130
770219841
653308494
313373137
810397479
198907886
171444664
677407239
651190408
549047619
284079798
766556717
401567640
343792772
447200825
561643115
490245443
344651296
732775275
605822892
947667539
7229985
281484590
950858755
760471702
452419087
113914373
915370012
170089719
236974406
51936141
732019928
534540893
451510789
49203560
592374447
422383123
307405022
801365172
62584831
662294551
72029569
372656586
690070010
332758497
19074636
384203648
653928570
452859242
230610493
108276147
918384789
845530691
244010768
32015233
913145122
6853043
355022705
108094639
726409324
162280999
127753553
469486557
756874237
234040621
569633364
549074392
547036077
2868392
976573806
839343472
139290142
304033105
509250750
173933646
58757442
981259650
376033440
855787616
505095821
149374899
26629566
225459892
664818929
26303892
167448293
908365141
813137509
416446166
373649843
671035487
574957947
834681175
479510025
33644147
820353123
430806104
817982012
741575158
916997045
54851004
493274759
335378112
204819078
908990303
87026494
178559373
597610003
364041620
553402235
988493182
203001357
366057973
673351704
682320246
468410554
517423499
851054074
368490238
617559416
277688361
657115512
119222342
818405158
383070048
384839328
702911288
924056197
461576026
33016965
886163241
119146595
14578127
876930814
911156530
73359461
848931921
456501062
160148334
589754746
808720819
896793065
794576212
576994101
255754560
22856472
377443935
939248556
882614404
497427733
268738320
367872545
730043967
361449052
415212380
114551675
930354289
947921997
706462089
842490292
309197778
138595999
978377591
310556121
71724230
457570388
802148845
325877807
693037475
867288735
851737091
588631919
657926215
552824213
805517001
303646728
908519871
333991148
120850677
400461673
98318592
730920226
325899364
497128067
585800227
77420625
407281758
502941689
293272639
251222546
546404353
905639139
663580465
984782994
659058600
934234783
12394354
90913417
150994462
271838733
442921554
279012392
177469
518452451
899498387
297824795
91584956
815625968
435638053
147683917
613149824
765132462
518412053
767294952
975609051
659783014
942453075
822033409
108512204
34173275
553898062
35651080
782211085
368607159
706202137
267580377
288525275
211443180
54457146
29342950
172175549
26709065
643873090
681133373
56445639
633672233
902396580
789795951
181441316
834536606
530008518
320952765
359682130
523250396
274672405
352871324
795763067
383976917
903939720
213516436
549658940
793199057
836958405
359661752
794199382
785458893
739181918
82494291
33147396
468052853
311996985
858739751
651724887
694796280
938024681
620006130
781888414
177259094
586446491
725024623
875041503
530976578
96509035
647330914
752800583
216832868
98354744
946161932
294484802
382424427
80289710
623272054
147223715
722865545
782489112
916513650
150266937
245549212
812932005
66283610
584422584
612102615
90903918
576165332
682898321
18272902
969499500
393036188
949885816
474254520
164530329
901906631
151477528
516769273
97221951
702770987
492041669
587702155
268681209
667911286
581919327
912579319
94343575
364481450
891913739
163811534
611356792
698161272
761007790
274037839
389692589
797169894
664182007
876161131
118653032
285424698
934662816
464750763
960851935
870776771
30595341
889724743
517960883
100189062
615716456
60865826
364748670
172636124
353054290
971204278
938812518
463800202
505676962
395041192
317606203
811447155
88500706
723959265
488560429
646016227
385178433
179887024
437165692
946777434
58927290
421980793
167687780
342859516
954318794
353873329
46321099
355364418
615731812
305888433
579163613
366842639
221400163
774176314
592330253
870833362
804558170
789808237
530174122
586524614
32621242
287585920
574082638
61057508
913793238
902476410
301431679
59232052
411390190
545230135
432708456
285787457
198323743
358845570
775943876
216808064
855585025
452641303
543150107
708830909
193829647
411336675
983417170
866484560
777021908
380682642
961016136
782509973
973027925
411252023
369585684
723475873
960346903
603057979
488735953
953398455
296584590
850766113
662101017
106169932
995587368
348095823
841400029
353748240
44699292
533136295
710325475
458002075
529716368
560391614
104900669
906610741
700980250
85658801
676078495
423115104
758629052
366462872
64447956
734925286
478487805
117408569
605129672
818500052
698009090
838406306
731276738
521890456
88325074
741926642
372910969
148851111
774682095
148512684
819741749
433994344
342695251
24419507
936920701
732612354
595770559
864038054
807756063
889146286
587036687
757696705
566036426
476935516
149213790
432487262
38337310
787491059
597421943
112431023
834770136
833295613
124250384
707884724
94732127
714799847
897294229
805703448
623544324
219351651
531135558
741291956
523537799
660031193
405435522
562528020
194207779
653061044
728847898
705468146
123545141
299356410
984770215
966982044
381173259
74492771
40725550
938223852
989027305
989997829
889079860
219102773
783542730
261017294
565447632
587052394
165424957
331106252
184497206
735223593
515772186
160049314
241097628
30051329
237432459
369187976
305274984
973143968
46021058
277897117
749309196
954560427
404596740
846801206
491006046
60470985
495317418
660078543
229922686
170885295
835261434
709607589
762542385
608173507
862967452
76095015
352284259
333247748
952726104
860951118
747743260
742992193
870084643
394425368
803596488
799035947
89480007
771747989
802310693
612874246
862145944
413430385
625447954
867921221
509898133
129550931
181587427
996888935
431287001
216840630
668062342
103240637
167756412
492059202
223929200
930605225
28791422
197022254
608184862
147092760
324662341
580628555
611033030
798901810
212205890
68322807
241791234
103915324
997905017
860924458
73396708
889660609
410073645
700309335
399785830
481894124
858104705
481018695
959317342
953408678
153700993
761399844
428313982
805873045
870340710
217579109
508959232
155755800
379987632
459951977
432626798
155770616
784883629
312604861
167741865
949439504
254342359
78601585
616524202
730733297
186458948
375757268
730810221
43423394
38561084
671725422
362799624
237500190
726429660
60985535
174155409
311734830
851528981
77911380
38003010
599756540
120559999
957307306
959966519
640664758
817080210
56940803
422840390
209560680
956496025
217600831
636126448
862747056
37444595
447732258
582778603
790155798
153139410
945660961
129637990
852402751
137263156
675693378
667190120
924341604
659558714
53450192
493066973
501764256
473750026
978665049
85257439
512155997
287282827
479633944
349207663
14133000
558286589
252805270
762982739
893380008
225752765
325379335
151063328
987297733
734203685
330426333
185528523
881053018
340157393
48635617
464694462
689315102
487557667
459919900
831359890
807223857
354296550
291250785
460642650
73606452
990019095
655345136
304454543
170524095
69833097
57515426
718909479
941503694
790527171
435190023
110751912
776156157
251747487
144700223
98589038
736078832
135313806
520553750
261438400
424061703
900917788
306099527
265228209
469066233
656141306
740301887
475986220
333135939
921144942
886941215
42926338
574522633
818858121
731474268
871376387
637003091
362043478
982046484
889599033
556409040
876494457
233932523
48676630
46539531
282314364
235462725
598317709
983360872
523954088
19823392
734522733
499839692
588053945
344319339
798861448
516809151
886501658
899857224
529571668
895322151
450352776
245673262
406473340
865353230
175985958
232665086
331213881
117182582
235342678
922105630
366759079
650266448
861463214
138332546
124785089
158497720
457791766
451197511
535434782
668349083
620205108
983593036
364422912
322296159
13098723
973911778
804627847
57062864
900653933
213542893
955719905
243204607
756674026
62649171
452848019
373172614
718619388
99577298
594870482
977235000
343554341
217630413
58118197
584110890
818938838
798102625
184196242
324612182
422726154
983184244
555464682
729771845
454781112
620797566
544854693
681660527
591739477
196487844
553822904
876490337
777280869
968826209
650630725
820590606
972854958
681554389
813851833
802602344
567740326
68662387
627972912
166933510
26451123
630286475
288554233
254252714
66855997
92304161
222775107
184730133
530627335
459274267
531628180
102953024
231016999
761673764
830403539
970344691
786877761
444601805
71005088
636320396
175819464
197684563
561205288
347995397
157023978
361171539
311001881
742402086
77256681
808984753
657874872
214295152
554077589
602123583
236524067
244659434
650819357
806156073
834388625
809715559
474735508
433728891
551004574
8023457
898330996
296040563
292796576
841259233
561657069
488326315
381440228
582553133
656925596
165260192
347018697
498219006
324442784
982791385
142837606
250105850
97618445
585844509
563189318
519157991
331986787
61046487
884921564
427393076
8613763
713694345
875539065
393430651
782061887
653499423
887768733
846080381
600686845
496383212
40412576
184433980
671908450
161925262
17186268
107209527
419591129
613582637
750779681
304290828
661249717
127951356
821803101
294065616
431890806
128437712
986896671
268483425
475045543
514980590
862143603
497227949
895030265
371692094
171242193
511741786
535298873
980202894
922233117
19332900
180159538
104223861
156114973
217305579
988543663
437738674
921321450
506832333
707937086
965088856
719707418
515512713
189903279
695135089
545658890
810715781
747740176
308628968
451412694
946385467
143300662
604212961
408599409
355064845
886300700
959445616
812671940
281315162
713831380
934223886
911495438
942877414
939130860
311359087
441631496
528390922
294786994
800840820
256120996
223562074
437502949
301968128
68593768
464908278
625251769
880016856
739053526
666248377
669423535
482629702
551866039
59372782
27513167
799520213
331786475
893085532
585497802
639383682
971602177
148222131
681979226
857404421
820559157
739704259
415390023
466506384
57448310
666028843
661430992
451696041
732714185
455045142
722154431
353581671
675083277
301090050
827516165
188035169
40393683
911928940
551469688
37761051
922699683
868624263
456759259
691125390
752134233
194090674
216201936
198704481
537270978
13239301
590194844
685669354
419799212
581230828
800404514
579661970
925975252
469202676
539095458
483279968
261001039
447655036
914469344
87573615
158904492
76487505
431380103
691191366
816578946
47814554
201437032
996986601
222645869
638499273
587829338
929368862
911996435
519109037
524014053
444900918
914778033
304571043
582086119
755680354
338225670
311507171
119662677
742815519
416397111
750284570
45358715
165898083
617008366
97660643
81162360
949097143
167059581
358049609
68961890
543047135
275813312
491768804
872406519
80303325
876547619
41353342
99139985
756659948
33388241
617758733
41235101
719671385
418634467
276769312
275935934
295787981
751852958
442605868
757112680
788219058
110440583
671761853
925982867
736227828
597637123
858273644
534830607
639844470
216778550
1704805
314802215
896385042
403928238
601607590
347114888
306465274
29930047
356928223
915470971
26531725
598522685
427253683
907370210
564695970
867944823
256695913
874673533
92955279
624719097
550337541
446973981
844752681
813704921
919309681
349434702
138863178
619830054
833574376
972673521
116254169
793594716
729175242
892820975
719761673
171218378
881773341
765084846
829976518
24074985
872073565
12507892
352873977
641470676
370375434
669047566
529704048
512052373
606843101
961116233
191737450
654070090
129373239
442129915
943880989
123776308
385734266
439509438
278495771
812977767
585784433
68178043
153620722
7347833
610230604
173396635
919951744
911147089
906550558
110326409
584437361
731705878
549579282
429204604
923998077
483719598
367014693
251876661
587815358
136688070
478612777
878642052
616266728
558690987
395087014
204301486
128839632
998995922
172124285
207217756
557385316
820563335
432256329
502679028
15562861
547539155
683541716
668653379
706839692
844404105
630226505
959849923
147558847
595244370
939017699
832965572
139625938
503959207
974766478
687849465
865850954
716073309
111247919
604126616
12957129
984034529
586677145
696570426
745993741
414044692
459581371
77605784
174081025
721985670
774905148
461274982
701373641
61567853
278634881
927580634
893348277
73615115
257262769
474511851
640547002
779889922
958014769
60701695
220629982
490846798
706018354
4141973
321519160
775993376
709202560
576998127
230176736
557724959
343517841
898333274
928544898
50297837
7113103
636972619
2838760
347002780
266498796
279572155
800302528
730999443
539135570
9364068
183431718
955120817
219954103
748285646
605227545
902107497
117099476
989835568
793123713
906199272
219432926
381773482
487399526
496438009
235512175
210662617
753026300
326221348
344635243
175047533
987296966
972156099
629628186
113101231
198098084
580511723
79948785
554761008
672925098
643351747
920292740
683513087
199484593
724027898
552924773
901349226
276408302
82516788
583681266
887428379
431720066
933972710
749264664
819009538
472569367
893754417
922788542
61639061
167872895
260400367
79482951
53102162
453037052
638786039
567368109
160857391
459392348
77185331
190946514
133384649
937938187
936180878
507135162
601699768
720395124
729337299
65930320
688395360
495217712
716749727
204413381
525457724
345112975
42483067
361967014
477609338
173907055
673712545
745350712
346356296
809940424
800661416
874924869
113436653
703862735
136422410
317922332
861040809
900801161
496253932
632370213
361335666
920210082
760755111
436455137
821633301
657562136
801419741
178611242
600416925
651836822
215894621
557111545
271780143
570002957
276032036
80029116
509953232
309881679
922184579
55623559
273706873
550621532
293248796
666013031
280868332
731571395
346290483
740940387
114267073
711908217
176549054
739106433
147979862
323513929
740483328
919960774
403599699
922014202
802058515
238132314
999930474
677989411
1185860
256463489
931364471
507241211
147556144
82255659
139561568
294307159
947048603
755633154
319936874
592848431
307960201
675211247
787391421
170913607
743909076
404697531
601473040
315441545
697670860
215093630
20358028
466199859
899513983
132831954
64405856
524056884
799674566
968785042
58869299
874281594
568091920
525600085
88958070
222307072
354134040
898421000
89803378
621724382
357084133
202825409
697425967
5140636
529728163
64513654
745008192
380928524
527512861
330240839
305725256
264901952
45299125
693941077
226169212
490324943
131624812
619183069
570796663
890114440
24654557
153515462
337767776
42572724
955325479
20980597
498930963
742429136
265354540
419934964
752840181
558838858
676861329
126723187
426508901
22900471
270308895
586692056
205234337
973687235
960899788
532788758
294946236
824241486
766391925
54328332
248750120
325970507
278213554
998176379
129701906
636950435
916709022
993295134
409780303
511757807
98089220
713587572
278253186
414765499
795418802
749866916
510300515
991018151
218382341
65172572
738975140
919770849
435015193
421613892
63948155
264608407
924003757
375387238
381939331
235388789
767275043
445206512
69349745
286109964
119564944
411531900
104245482
683943699
315065142
526632170
529248172
123054232
67056866
633238388
693673261
280370046
576551511
231059507
994061942
95224132
877562025
463385699
744852330
665171561
902029557
565941229
119709334
707436545
377033078
102977561
13685016
654403097
114401909
159797862
759090645
538497992
437574147
86265707
115595606
142043848
38850586
331024667
377617350
389500399
952456301
86297980
152168750
683705195
188421591
48483424
912885953
610242321
174485006
767059498
437310345
283957536
610017233
625846557
529965031
874320567
893696660
870296860
195195722
372333880
594626205
545232362
556374716
982461769
658456774
233158046
52791406
538232151
273128750
24543377
997655055
32866649
692353326
789684392
536763523
47576018
764996813
85153148
669232294
206961870
612670375
639375862
560676418
764544029
420658621
21532614
618312610
691998470
136019031
19514564
759780663
176583313
342614260
422954537
523005056
593277889
731588899
79775781
696062347
377820120
580052831
104300354
502112829
959422251
552829433
547322154
163938954
111739680
238014750
735015755
699587311
672189545
827725484
402240145
892175348
764336132
821477774
166729860
73288155
544996675
610419522
37552251
975123261
313722528
708435475
582642973
761133269
782771032
112489803
906039607
936381405
208553370
979698782
728591503
588894510
922541514
645853946
952306801
625876295
979400807
767495283
121868645
676339793
698503554
789493114
444331047
673295778
703459372
589206273
588229259
742672867
285768618
273338280
179894541
807935294
576616253
229760584
91464535
264604711
793572690
520647603
154884851
955735502
831247910
408137545
492946598
997006692
761477372
996824435
164946470
291580174
590867789
314703221
532525497
70448996
837122065
586528755
392125069
937124186
386534378
348154125
321641283
738818521
651161971
22835993
653006094
353936076
692061898
316927153
23181830
442805145
733194895
667719484
492808210
657060822
610072003
93660472
797905993
766081294
555437371
792084785
851200035
702576521
904938090
30808953
764604407
878931343
940109009
595263998
953403449
909332884
182227405
572573726
671360715
368383028
323451399
553159465
715819772
218457143
665355292
278184120
46094871
986239199
885956534
287746232
541355832
610526093
340277263
797237136
37950483
293553755
278735583
472466574
118875706
838670601
652616239
318399265
42298660
502011280
88589692
603857255
880382609
25664322
799486075
664897981
290565736
889928170
624014016
767667524
489865687
692272642
955203485
431121801
25359485
28023035
138588486
965368137
332873482
892261215
626353298
149265596
54652656
497330972
438695182
175694586
935522243
311767922
413090385
823688019
892279722
934125971
571124678
16384492
551520038
881478840
427470037
378584205
737817082
195698229
133383711
381974668
977228400
637937940
679885279
134557749
479285016
814062415
177498864
595515834
428136349
630264507
881669112
108625558
546544861
370004647
485536941
105157412
96882190
608905258
402833016
811109934
612755810
838219238
413911057
412680519
952348461
191806536
498714994
177692729
868504723
300424470
709888106
414155064
855871395
720337718
119090222
550090620
380973475
236640804
687130751
911599128
278189273
641635447
61152185
133504836
742249370
511165319
268466053
182416520
643079009
581585409
114742757
181621523
887680510
221517071
690697483
918648780
881405926
174183331
352737894
429162945
33522978
56268204
979861989
994323316
851849428
238058130
926296906
478363140
873305942
98254766
675848541
241211558
470093686
332145651
449671328
162244765
530264127
725608589
603589116
142192632
99506541
318769481
130508055
879339270
731441564
547578048
820668247
626893905
551481585
307654177
578475239
679613276
648460301
668935134
352781996
369181448
174293726
419089950
875082512
633145259
434030670
64925884
582050031
831717534
394922094
551513293
694573243
875643377
279868627
638645816
475387614
2463379
217021372
289787680
175938417
123438162
897108807
178673328
811411436
958140094
207275430
719567837
284784117
775091116
705002531
662450400
400776563
659922360
430555082
37254639
286057554
652533166
537605229
732673956
893377423
598324881
780016391
167095722
179720889
552585730
812569078
390244897
403821521
509566994
582124194
820189457
498190765
818466730
930471779
185106847
669205661
468619909
305395158
514765275
554630753
734122119
998727766
934640046
502153361
713902701
163078269
749315437
658629519
870688674
120948596
324042047
234619274
42938438
921214731
103090905
906653207
49749622
407780556
250135122
489754858
975838945
466270430
766100267
162254173
422252452
677711395
835831421
982195068
106710968
235821501
42687132
663822626
934919986
877611747
739382511
81657698
860502582
849148451
996315487
261886412
20651353
358831994
861561550
964248364
527952877
156013874
482762683
83452052
248912017
655469391
370322739
851828206
345526785
826132594
835715367
742925090
490666770
768255087
85973144
682558586
331748653
479256880
389945960
157217879
136597921
11905202
649324489
577374544
389535796
828516040
552774188
219868104
92871097
130610230
247918424
495481113
804209032
178245860
761958667
948248069
384433037
344212478
845063266
178847872
827634546
466251418
846835261
315660793
44934230
641609801
269277445
711002966
7139768
685427249
452580205
941916444
278603798
62794776
838914982
949606555
707919771
45978448
322520656
824868898
359844662
769915661
159420225
798474563
95615815
484613252
657670405
330649342
393613597
254097730
486035420
754438113
292847777
438943938
593961208
628311769
779443584
505062580
752344166
285945939
895228951
142201018
852790531
717772487
72569799
514117301
852488741
265027460
92076939
74017423
620133961
48693366
534921506
783691703
116168100
363555668
527434931
43111627
225240843
531721585
468698511
821333534
204579801
501159026
466642643
93605351
634571332
879197280
672145909
79871189
820056467
968170884
815185426
772549019
335640076
59779358
529571329
892817758
599781535
710821718
431407415
607910675
742717223
372052871
105973626
405312037
872719846
134972934
452102698
186793874
574092947
841067851
787420655
421890277
703063585
637395432
108979002
962710946
124352262
76633903
527728713
729205767
654342211
573195656
355157863
891655064
413241503
200241560
957713406
734417579
200350742
174844282
405939539
104274424
845745153
888414421
809715082
72294499
651041140
574614739
894332826
944368862
512642690
657816300
412900235
34334202
901304622
753632610
575467918
641077189
556382425
825658057
834623381
917766858
6078051
210070076
203150620
342685101
131516687
434167014
649610933
572169697
143520294
575270002
734738658
103381641
736974256
1359382
547102060
597887106
444128768
982041591
319570549
141198018
598400607
647034066
571618642
142610694
451177192
174423037
581508840
357004105
407515044
206728791
740665917
835266340
673286574
66218385
789374394
106884781
834040609
609402469
932419831
444163965
989313267
138037766
453023522
16952699
316700793
489653171
14584517
701635521
38658930
153932342
324693781
283394531
472862999
504135974
583582494
314511091
475206389
597390294
196478159
405463470
842723434
370603215
503866977
164121897
50935709
334115297
831964390
96270144
596518891
284836383
814574429
527532130
571621818
695863296
397227317
282308616
691446586
26575974
522108945
995298014
368336488
3294879
499820861
715996262
624035506
377314717
846769047
226385860
913743263
226748069
870548945
119312994
278072295
294072539
81764738
473154566
24650748
889610062
645389958
72904818
722468262
613182869
49577527
35207466
682158539
111291264
879194845
638192909
566333320
626743147
356766771
347175483
656844788
943748982
514526829
378392033
199666602
129648558
416979962
763217717
802294199
977028392
837787608
11596952
374926609
993375108
