498
205918704
402461404
29701357
768983869
955284742
972571800
79725069
955287065
363981835
525213071
582152257
115013558
642072798
384715988
998623156
373946144
376586859
208034286
27223542
3540111
782997950
18193252
135149255
605128122
523108747
738330801
510709751
71778274
72485276
477452400
428947618
563747634
348511895
551871293
676361416
858664708
712976944
579261887
926265273
636857675
432552372
26124588
241850511
12008867
117626055
99255207
147353476
111963999
558738819
569704841
827390075
327850998
153670878
870200166
758613284
96556105
975943424
582867824
916704620
305667353
663371311
100695409
912610993
938724859
467377314
637221382
370091526
81432428
200263118
761379697
65653440
782560605
875217576
97316120
115453476
405040771
678560394
936090138
605714798
310226710
624977823
737971151
833088111
388739232
403095709
516917580
380886378
337232054
439762915
953181556
893251427
869057958
195468745
592396095
644730782
547407912
494475042
165935396
233699520
293494849
126676305
903372059
601022749
637608010
678457906
947806329
665552475
35213526
381364855
924542911
792029391
220157071
23758496
952282055
458829107
99949827
390120720
747880381
99369582
203255165
54150595
802999973
611835975
964868673
648289854
980030149
238029894
849118095
321761750
731773819
928465278
202163250
236174955
873772307
476150368
298559272
362569666
330527152
659108487
124925814
277395899
68364887
945172957
77981550
297273088
2823854
794038259
676769807
38462348
617009162
627963806
664747485
188202458
328109813
336782365
354325623
171212993
751212768
347408624
332766843
841520256
421621144
941407872
406289009
171759144
75623121
290580212
553209190
112559624
442512095
549843876
394906651
840034947
466868418
529137178
58302193
642071523
775354548
338065244
275386904
209846073
852827132
208815300
106020751
626349575
204540130
730459817
694556526
503712187
87669267
886773377
920972249
480071085
655190252
889790334
141018089
775806532
755790271
720661422
521578378
286715602
432822594
614336769
974724379
267608030
341149950
95140532
300398492
63373721
955995818
258923133
936870604
613347897
594939488
950395061
143698049
225601003
23747926
458460125
346006214
629326894
791179239
464669732
916617403
847349478
670888938
765290594
499998642
700880470
863376076
505612460
829162774
422308583
390356714
8092623
20820567
898935269
940853624
618414349
399482530
485102183
10481632
640616920
182696472
737449637
219578920
206185224
946615356
281408738
244461454
233134801
580816468
819539762
959078619
657332319
74923465
558452881
36555111
45694954
385778156
709763487
189073568
67029987
390044119
57819230
226421774
149217723
779027294
377434692
490655407
727214956
223347128
401191545
12374052
827773835
488970365
324396947
156465170
141843758
395828842
996160256
248797488
31857589
851744055
729171302
321094906
356116024
677566484
215748639
741581013
343041107
167049493
659157939
535020539
984876081
138139095
994704664
951708291
476586436
231598975
982276432
397749338
941944977
672382192
814929834
79619160
489779551
948328128
67702448
662528821
447107505
310081597
258032228
293734729
994104908
572868942
999213038
573501953
505999208
822074727
153036493
789465779
174891462
622095267
653963173
738432454
426256037
280443565
859341451
622407537
205762392
405349833
263501174
64854436
64025179
433887231
315950003
11849973
663678040
793092918
757890557
352808865
745042748
121323915
823995246
125119563
835834960
361182003
612354093
674178183
384040095
830105324
5224920
819534407
187741687
986092963
253586651
450024395
640825764
437487707
489888847
836648834
428084368
747534013
380157888
525267663
7901551
945518623
956717066
778061534
645336882
177804403
297284481
628806595
822442708
667375972
495743731
618076570
566886361
601907269
454454005
834012800
439371928
305308049
475937831
470580098
761249042
489392067
818994311
857004216
913493879
173264012
123644346
585188020
862196480
814125690
956984928
619558134
803506334
790341598
605820696
142449472
668534621
416335888
605333483
401517828
29526199
457923603
904019000
923548267
969229669
289730823
604427019
919741555
189485030
967511716
316185801
780175128
112275465
470710410
493902547
313307020
107624067
713580898
894634745
432464969
459747758
826339162
534898542
845172348
728435645
771239209
751436494
708427542
163646057
647392447
257180224
994706352
862239131
842236265
64497843
706563478
211860585
434246306
59279245
461490337
816796472
50962657
850346312
476165003
286286476
414393804
39121875
881156250
630642230
747863237
434563471
253913527
349776211
561586381
114654450
435465431
498755149
530672150
59171978
171585162
853790378
29998104
838134754
525882515
759166479
78845524
724703145
367865438
838486239
971343026
468772485
717687823
483158397
359608270
540124336
12221992
199056736
494085374
395234831
863622248
101063706
595772305
886582846
213777126
130700426
442400791
513184609
967260900
217652311
46994635
854506581
3657151
