10080
377992874
589429505
68201955
619936064
870325457
16910219
395521204
998777538
436623906
179330123
198936868
527829773
250023802
52117933
461963435
781836819
703670038
44339431
560736298
215324913
246416479
152108558
29609447
225321989
804502553
827046937
630463288
760096002
651191450
501697231
214102669
401293347
857219070
259165669
480339571
17979783
53090526
232984264
904181034
231699031
329490328
107625391
534121395
90235993
274796969
907681736
625533182
249207721
865692797
967404742
668381273
77630979
774858714
429218379
771716982
404642855
848860498
796992740
533345458
616205381
492694416
56168524
627864486
583605041
951985358
761961084
931248737
419940535
558959813
31734987
824619919
526131453
325359039
706360001
291743973
862607751
522400933
477033748
221862434
372666345
274900413
236946723
500640365
972141862
725418163
642541084
628918935
835357490
929747688
833593419
407878194
970946594
543134997
539438280
954674336
519473454
372950577
272044592
123533939
650796663
35137555
871837269
386725308
949260626
283812064
515013648
274179852
951582959
599523242
962723284
882992873
111019275
102603282
427073868
414591487
638943867
417945796
367162427
960989507
843814216
167560678
19455190
583988862
339998553
597309044
866741671
377064432
230896668
153459473
25003771
105455741
612581655
441685132
483010037
423119218
685872533
765289968
893275707
370111084
85729489
931303464
426402499
363668630
659615611
734271947
400096174
936670434
923898973
367024620
197074511
589547214
510525047
458190487
866535492
902461518
722933844
868453321
540856199
550459668
663093823
850373316
567590817
334313868
418638428
710899957
482840942
76718071
710680897
971761382
954970699
443691097
872321510
309391539
189943273
172341902
427748095
747019768
270041054
717496108
342703988
318036456
910918348
674213845
656845340
380904155
383827240
251787989
33517155
713719272
643857766
249666756
398418957
342373746
585040919
229406816
204519081
363668461
1124908
453474830
305758314
266928098
892221865
676599379
622789637
825332804
253657056
889130572
869478118
808199288
803720343
370434052
600581596
296844584
399799685
942911397
564485534
131674032
764418320
762379390
103129862
920717580
614637384
124346955
642638853
194944104
256444517
349493993
90980424
231227601
854096236
407484562
981079972
802224370
717077160
399297225
920498569
526929535
541545326
594105327
286588871
478831972
446126345
744225004
262341359
642684445
370400874
61014856
908948521
169794830
973913600
169547703
575388914
77976067
542509921
375557652
531453095
284349812
424627772
732264925
688996104
249650003
179960263
76199994
670052701
154516321
80005028
807993239
737298376
841175974
958161122
343332477
264008449
382661479
748266425
40268945
454757306
302068641
161133698
313116501
964706003
237402091
333876427
450507019
323971497
281521008
144568982
872303910
844587616
410318881
867854440
766377632
219040179
559599637
309523429
439184305
443095901
485631951
512679767
564397338
246579017
248015088
52069732
844540015
742491888
116661608
231643697
77608174
343454308
14099730
71775089
916739813
443050307
127220987
399939357
820226655
236061254
350780487
943426667
445309905
348546019
909992216
200026721
594655523
876186334
526048638
962313038
629919442
775792479
864911216
946998057
510316344
91029628
23992698
818230949
912124012
901014350
73579049
656306671
211578581
235857692
154600786
601798466
326528739
176737694
812869593
494138746
178959233
615487214
493223704
585837875
71717740
678735472
173529806
140298406
318956692
594206738
522611507
501533388
985160189
638687738
395314151
510083104
602770533
730727619
945848761
441932809
901841959
660550599
141573684
902502251
163240731
176143335
895870452
340831440
122587643
701884673
722018133
406433229
944056606
537231005
798340287
629039693
172350350
300132729
699209962
438194822
771238039
526747174
261011314
428028666
801944144
709814170
275930902
785543185
596184898
408808517
495577209
582667747
960102384
42051680
885273187
193945754
191342237
304571128
490221514
339680054
455432833
529381488
827498075
625230201
378164279
516991485
961148921
268610213
767157305
726074251
636989153
12887247
540658948
295146566
324856292
651435161
205625957
531769457
355661389
66425259
822163997
847965004
460799747
991944660
198456370
870341497
777593678
93865998
270674738
522652685
993673150
837893212
279459650
827944947
339092848
430052709
706112514
136187984
57255225
847440149
519642116
808169899
581284696
238379304
29688222
493066074
307031881
253535940
639595672
629852792
797072558
484905812
871549990
676004961
944512501
781195604
979851268
160356010
282255565
951051714
888186671
616542581
984871572
734439128
571071001
700072719
265027295
418913373
233715416
223331672
126121939
261312340
721674204
88926465
641830394
268867392
670309099
242785342
653223986
143330432
651078623
380378091
924033871
605504334
68671468
639287986
806005329
658917105
275880409
380995064
342495498
878903353
21327782
843861701
822764584
786595450
897172256
278113554
649569
760047711
859088678
123716294
172943471
299820264
401463853
934371165
249429132
218296881
88973744
192235497
763497624
286407124
968396859
444242020
540960874
539382077
582024835
524976407
264641310
819756009
357563355
434075485
881651783
498359592
370678906
513663443
9076158
23921856
893171920
447513548
767207235
22240531
7338666
775628531
733973975
925303886
586164945
602902820
458098069
962780916
960224353
120718445
598494163
451605127
127607164
502137278
694389398
882120585
755869699
966484604
113471850
914684285
587397162
484137696
678946141
36746840
453532032
167216042
852627630
442160416
115911540
354486511
889812738
529110733
24585717
508134938
453743015
218627113
990280572
427862993
968756519
760769942
355749185
735612481
200312236
519819925
775129282
65865589
237916149
187762031
445491814
667359159
314071813
207057764
5832870
878106908
929351739
212019046
420094263
688764784
729809879
297226772
83024296
527204951
509755245
217191981
625076803
798960403
78623467
308883053
170888910
923959329
778289862
231987829
497287889
859922085
955540497
35422101
716741755
606413505
972210229
444591319
429840615
111168304
669000277
982313553
265508451
592476984
636632917
609064028
9472022
292652962
752374455
260462850
418052454
148627951
351869160
313718421
226866042
141979452
549825258
698054880
496848360
691795285
468095028
395358184
243411483
946333003
376902919
753006225
838454710
300451975
870649587
298135064
674431701
243675912
998948666
911129183
88089220
97288746
712519633
169957545
343256272
985989222
642645734
602740488
858226670
645089809
687210433
418077487
327791567
420969103
832601556
376107598
48687905
413756251
10322121
306064812
36475926
401837609
675882637
677791855
688541831
817584895
631815904
830690336
358037378
723880335
232633957
975635333
921239605
526443899
463361804
236783459
926832612
172997151
431823369
710507284
367393938
134508476
732445383
55595298
286760772
941220819
631177792
313382402
548796202
268341961
500534160
569275992
415313664
446173728
756538568
991165071
46858374
791650310
683187847
902263137
676894289
760103582
712924870
293333051
733631498
632927509
107173664
304517526
482625581
886671032
696041202
558251166
944338484
290910189
931492587
703533777
627425195
894197374
59828007
388243624
131283746
900793178
211915718
995616528
401655110
210366443
622338520
517622915
376500023
337602941
399848177
122102047
225512099
652120362
554694737
745551355
9917935
730775717
188979929
384412518
277365521
921740273
21696228
999275657
382867188
515791349
911034514
869885826
743845630
935803299
633127007
767767232
264682817
716508044
813878799
324673502
138671491
887389064
95803500
633581580
269217428
662791332
330728839
246743061
840960110
930835864
852225813
448317644
599123004
186704495
368809152
269827678
465851951
536647927
259177853
174697873
205384387
520628790
643601536
542268282
871196266
93849558
524520672
134045735
10424050
143274366
904704689
395899544
145905857
790977824
536164073
279801690
917373232
484229356
304453078
155915628
417315124
472180391
661335247
541731489
50347752
351426630
136987881
486325956
101906909
354025248
202619052
418388288
223479598
334884598
291645330
329730341
814944990
700424605
29658647
264917355
632808504
63778337
315281394
678763974
355812629
411369468
984947732
471696656
680607778
41591896
50516056
1131539
1133026
274276761
304342987
655086205
18327906
875329061
391545169
905528115
835289479
887307275
631039386
480605637
519390455
902511289
666957447
511629131
847223741
52024465
733059784
605913592
464667570
645701235
226755558
40013995
339263591
35236903
677692159
302425651
386358792
399228902
28110346
300105993
197689444
949291123
510591515
964538666
694689012
631483983
50831752
49124756
502478509
970012198
183910624
574172419
787187398
662257739
102003306
614568532
89550124
976377820
804614910
15636387
544006255
694458058
63085655
57607943
169739703
955069502
438899212
196772718
706747773
934210198
242573426
980316399
481836411
40493043
849769633
189598568
760926617
169556856
884117200
581593275
695871043
984060018
489507278
570788301
57466337
117798337
363020514
548853757
865071543
282867761
557899756
34730981
169565768
860246208
49270018
68577281
694219454
419410699
784421079
84176318
19553742
246128611
563028677
197579606
450581533
78357507
892090427
804025978
348965542
850607353
752406616
923507584
554393777
770351531
887021805
130211341
557022408
964686766
933655405
74439688
360837830
377981992
195125061
115551638
562045502
372222791
96792116
10940725
993119878
646237677
744980785
210276410
505480431
532063785
607399254
88420511
1407440
377175132
504621656
942892178
600907570
65378095
129880726
110187775
706148968
548997224
734707455
563072258
913984552
161052178
447270777
150113540
386749997
188805824
763273391
196610499
623825301
549559326
952637042
559256290
483088912
721266573
141813163
251952541
786612209
461033999
714876171
453261834
489481584
908757458
859529009
601913598
612955256
490415033
631927549
725997948
239669431
996345399
124991903
868955494
631953798
279956703
561724630
876072541
196298999
324652056
755494912
144404555
426525801
759333877
724916548
701230927
141990967
540175107
966335705
386761965
798214206
912254024
18009063
555180569
976282197
794929793
199683194
749985995
663137855
703401397
69743259
150489021
582078191
108261360
189516087
231134752
163046791
822602557
721695406
365177122
743493046
589097538
523707425
611559964
684460155
328737202
959684208
664803983
700054518
499297896
760263359
559017521
384806008
246987993
695022734
673584327
37206135
365046856
967322788
463179476
281800162
785826580
535290560
425033936
300227771
106307320
29107497
727683859
301974072
807668675
960006750
81562547
861531857
557964013
105701924
57218492
660239889
121895297
841732726
420353279
125665717
267347854
131479192
286235847
8078523
237409345
873056053
441454978
402298150
296739764
974012695
236595930
493542428
35601360
583035090
254464142
218107143
968951980
313191686
818076730
381664576
771028053
154143632
713913370
810845618
597491400
578872149
728812058
895686129
374056899
685711023
387513668
851818509
514327455
873407475
43851153
494342242
587594036
512390320
567771265
116457496
472874714
944598398
576068322
133482254
697960885
162734491
850160086
267733910
175130706
206414267
480484623
630476158
238318859
14725738
289716586
429573851
337359002
647784078
89349477
969252196
811071565
9083259
454146463
926877643
747866561
473467476
553677843
495990488
559243575
798779447
867073135
352610233
188764058
773374960
854764186
435071388
838745612
944599180
987411129
443019629
931190121
369881361
867723997
269359470
215132001
387929427
815909241
558725307
729326074
823926681
8093671
383528697
119561781
487786480
646694217
402890996
677449362
911224961
538281504
402325441
934471570
858049230
340312588
179948326
915841471
225753775
522834539
279850194
154747291
363427551
588506077
212480859
625307733
701482948
156741115
593812744
177001082
696440546
875773820
272703351
837845246
917818363
55037251
192868683
648356419
583580952
362402508
609250447
896736859
248924066
656783874
197949373
5219940
997182720
712228489
526865098
832104754
822622025
28731786
6685167
124966470
539001509
555635693
765013265
673649227
834685780
433241380
665780529
379506689
310510515
163008128
591839077
261617517
742626080
757328476
193214414
947824980
342091086
857293593
576271167
455000892
329895789
707482093
943497270
891283282
68771747
129435452
210425843
58416494
37621139
998658608
916419528
314468175
529031535
758613881
476767050
274625839
617222209
683670627
319363020
860233649
138306594
593863679
413512310
835216751
231921806
124927904
181499942
721559486
143439821
373464871
166728191
178673748
521537247
972458607
765203478
559914368
557227340
634085409
326473861
178335583
412927751
647533690
147513119
371259613
821538902
951202990
823902526
761530651
226173139
474637712
57918533
964284831
823202553
770572020
709115001
530815561
617311734
951794962
920687283
290786422
24469194
509907578
797197929
994265504
827834871
506792007
135514401
464234283
830105669
349041297
312005716
804068946
854248727
988941447
8632563
512890144
161224590
981370139
689764384
487545894
975933177
811935922
965455107
544832451
625487815
702617933
251088933
481260996
275572784
779808795
740852042
702754205
96047240
41127115
737812112
974036166
414647936
896081414
149591678
886697834
755886298
796993491
730022428
804976316
944236411
529069809
403278637
830116982
827209263
99825745
260389880
752637361
717618855
708428455
783858093
576120749
971608734
726673916
762551446
499345243
817445743
486284511
994362579
872778959
802292494
999362123
980597329
572542592
245584680
14879178
665410869
438986659
693893375
606644488
279750341
702550563
126114687
128152991
896121247
980381314
286764118
562036232
977484091
889307147
144611053
514434829
747855236
216127628
747153270
557504943
391079746
359009912
597099749
603834524
964264420
792648490
465169213
755667425
260845918
824930859
530625062
411661669
47074117
417761364
446409070
497711283
789273925
301987213
261397702
89167525
758622771
927922671
885440802
974590276
582675661
379660737
859931894
536963103
278393281
649447521
3717473
819984902
842481185
732121295
679963712
899648777
323013993
626880362
608426557
913610755
640874040
729486804
505077410
976858778
804758813
566641714
969192390
95279800
854903047
955359306
690172433
467847978
119466637
411935145
260496877
97765916
580042898
790558085
679219832
990377254
847100788
967254245
535027316
962084082
971097023
813624592
369550026
316754727
829347811
814838543
545285693
880962420
511916527
514608946
807538231
781563592
634444232
461422569
494194959
298038375
388421697
34702963
990453890
349957141
265695090
693321598
763766688
16732186
380245400
103762954
547936100
689432388
8091710
810662364
503573114
453711069
335369955
779053796
814957034
995813410
733833763
181845789
295426386
409863424
117062986
782572492
157963099
487869731
896640162
678663750
402101876
799035468
468159424
625469954
692551286
71846330
610141715
576963241
403810149
989903559
779771265
346951171
839947327
470124491
198373128
523918351
63689221
285589296
521864843
578693934
925243370
694567263
942337094
62956432
578036547
205544000
627484197
560077478
129518599
200232916
244744584
854506382
997741285
681128125
111376392
81574856
178128421
481310491
564555400
811316152
36301106
267253615
247856016
860418943
173308389
912605126
312698398
501388414
183331580
971777334
275766686
510548121
129376358
97850459
339205083
24215225
933567102
98644683
278187298
187168643
627969281
717345884
362825689
673708956
807102551
201052097
98735236
50044172
149259797
153743958
742411590
268966699
550432602
685352230
108512871
677851983
55080768
372200258
960511897
144205313
263794983
923712129
543634863
71859560
427936912
749835602
784540043
38877074
168168790
677910339
43528636
714356350
134117439
290221039
177661113
199363138
174001113
482000296
28295804
321649838
830699726
212686515
749637475
477122609
505489258
424421873
460965409
25109929
327590785
529972657
638703382
335739813
465040768
122666008
596237545
524228630
449759927
313046337
662453094
420565541
953111299
857999614
42047691
972461439
832385587
826076653
848435419
225555891
552361522
454658165
681068667
591040269
59134798
352814297
623608990
548658812
991909785
998153277
405452966
379410113
97399478
474081146
956189530
912093541
593800586
772444723
845905452
453687686
690550283
930810918
899978108
732435629
579690322
557069412
956679084
876581709
194127996
752764255
732943326
810087199
78328363
480083342
921056581
518457646
201989392
552202638
780518101
942237642
36444488
209127768
19311446
184645237
153380999
448227592
945980926
865887359
148612413
571877803
641816033
882333501
256553466
395826889
948592455
828195268
670486
954598576
282994628
833772808
325288133
502211895
687903841
697363020
830522813
157198696
796723392
894260575
128912939
917575244
509515315
437983349
374716403
85511603
196522527
688234197
956260665
946243197
762700059
826062973
50730238
782148139
785466053
467780054
359559107
992753970
574866056
348052999
764720448
747526982
899534911
722933002
689921762
575841193
176860421
416027749
954435359
956111523
536457567
28543526
48901344
962848169
930316190
757729163
311631292
964240853
43001757
69010872
319988250
187274963
858402539
567800510
271200025
153787427
682642000
678431681
805094236
836644335
377227688
334277181
451797518
321912005
307310580
123629288
973600713
303133151
538361583
971127634
263511260
942805437
963654626
416049206
741404732
714392519
662406986
554101851
437704281
622642744
443698095
542927706
789307303
854612231
518930562
953267081
781634819
683491869
247226593
727651983
291265639
504323450
245894619
391511624
953508813
453826076
949374250
942259799
791284584
923539008
640168596
469523320
862610457
650417504
39576483
753589292
471696207
645825959
520444531
140949198
133032104
402066116
373408027
191931199
689157925
625290716
323394046
163919295
476632493
784050084
121081988
234449748
47209129
678541435
388834156
849582447
429902537
458678294
839465673
401297003
333754082
869271470
243129417
303558960
976626579
404751853
788738161
387661407
787380467
582768900
245202867
951776950
436283564
128081024
488539846
309155840
950482139
465039799
888457792
163956128
860709645
542657642
674356983
664302078
992913650
533728607
67270533
543128626
183953554
850804912
994244874
800903870
676982756
493147070
442814039
649983129
762594743
796653897
926135142
100611709
100053448
330132623
500726618
924881399
543431151
620761322
395689682
674478644
794035307
822588670
262052332
910247882
803731677
139326689
544174941
713451823
495121823
110328540
711763195
217874730
383998231
48079298
237784895
775965557
392797648
546349830
295217353
769451181
968886003
345760104
822722725
850958790
786228954
577725409
317411231
559249033
324432935
487733945
929281082
685678116
713444471
690258431
709384848
405134966
618349999
483551467
312271270
710861309
690855747
155491128
33714045
150426627
566305934
83925705
177326433
523083711
289043507
665740727
499282461
812150374
345986177
779814543
160514823
902032789
18298643
400248379
525951543
260738182
389594453
23746981
844467922
451874748
746613326
2821308
816183566
806556789
303534465
310777938
773549260
126489427
841229738
800093085
611531876
437791378
337481289
773828975
965419394
6847484
73527808
488341267
942548396
609436858
593081013
312705104
116246273
10613974
84665058
813079702
522818245
232617216
770942101
482458858
717919382
447236170
959018258
901620177
355400413
971666831
834642439
178799399
489056510
510964900
470697559
670343424
469908444
767159793
750015046
307236263
536574133
923759479
442148193
424214434
31719645
929410256
114462853
1639209
631444384
465706446
339606038
767624590
139255677
224231496
463590060
652413214
213632079
401688254
265060931
77633663
173694387
473913276
60121507
790946868
950065561
230498762
422836337
121919099
678526031
910727127
311762181
739384888
26320458
155261817
687063452
632789999
89405416
142312491
459939269
313122966
21805754
174127653
572842621
296849851
873125705
179341422
827736831
937757710
684080369
63639036
273749405
119596742
982243531
913093293
582605523
277595477
884808535
853962456
601634816
685943550
500567768
745144698
778883358
789438364
405016641
629010295
843926352
437606376
392690446
47107427
818086106
588444800
334667801
646471720
622741288
93411703
67287230
593515579
374487388
769702141
477867368
534987335
718077745
986637693
745149435
775293643
438155496
847988649
798657956
410153851
279942892
508702216
563545144
728102849
319850486
991396806
406700350
482981155
190758935
750056808
794330805
282916026
934877560
343269770
761036579
847106455
581595419
962759679
771941583
533319894
651127523
467612912
941336183
823864964
586122501
30734213
726988142
670651336
444623952
465485992
65319307
367928969
651576091
556239811
526686933
176420220
858340033
231188072
423662554
89184258
333278805
772826677
325228416
140294586
42519616
716479459
312170354
737782303
128304624
416076080
23881969
692250611
4335540
873471567
811601118
502165111
582683516
236128242
110245236
140699878
244884823
622434494
767125650
314079210
567400844
843747874
492539249
986525133
784920226
683037654
754453506
611592417
734526772
914710093
510199383
377534800
113895913
692974621
928928306
64597542
357570767
584547944
520658151
478304714
486947486
806159366
152281443
468782626
242478562
186056044
274370751
166827125
564368591
852917615
519811915
901980412
587083776
546227117
277403043
431888600
724887977
356071330
982451152
258117625
641109063
354790477
612360903
784869627
175290202
206911255
688940241
75963199
1906376
95280172
997803425
906614253
835333963
573157471
128581722
736279773
287552244
585478892
871352019
23257319
505007458
240433148
714521297
536597593
123326980
387515311
578449055
700860552
871161707
578245148
398315242
956203740
53521856
88200367
64963579
646992509
239437683
537871652
343258747
306763231
740960706
897259990
246691860
777915525
448031083
753815938
903670146
690270411
871224141
658126685
720767691
206152406
721489538
609549747
601748416
189934694
182800253
843876846
78924526
707979335
519747880
633656028
781527949
583043525
235746764
271677953
170506053
88764206
739255461
779438182
858424562
154511985
177522047
83915859
21340544
776281489
796102981
507602084
714961617
552739355
661033188
698278677
347775025
632454184
590947431
817468010
186750873
351017689
643121822
65669173
154509371
358048165
776888516
712307857
494734829
408033564
162753938
123903733
707157936
739225909
381525254
985561037
505730546
540506383
155713092
646413464
514995356
971011486
927561547
609749562
9298841
668307716
136883430
620461943
169962277
70993819
518073260
584489574
341348479
764965063
747168282
747733447
906479838
465711784
211337635
44883964
644724782
767597460
614419822
683484371
232694103
791249720
882222930
905693057
846753123
134498388
380096041
682870018
903898301
971454319
349836932
940718335
580458513
883609034
101505475
476505922
304279805
635967407
114446142
484170291
480998594
199855241
348361469
253052908
647351007
789418273
866983705
642576512
150173457
926156011
68367863
74904830
37238654
772644369
177148444
217858035
87972519
212068011
109311362
887873680
410232053
113169785
257396936
522609514
969918960
880888926
24072685
58857430
755830843
951886769
471334720
968150540
818259456
613776900
776330856
704517184
915703685
783458199
6299743
469876757
900586824
697734110
809676822
800172811
354830736
701012101
218019726
21960708
975784309
407063908
627370034
332709206
219925549
238438718
225457617
471733047
269514062
93029781
659840824
989521031
315441434
693343335
928873671
385787483
12368610
395940141
57749413
540299124
301310632
151033881
499634905
702753206
374069271
718096358
396296615
305746075
707840199
782348580
469587864
789032861
347401018
352611057
702798388
39949692
43180332
373092556
447401093
202996823
296525526
594534292
403507387
549830523
174657518
719659836
164257716
69971321
220761224
678679521
668713212
563378768
537407624
74365760
911043092
22916605
902920328
948718825
994637668
204403023
698702079
578308057
111894800
566498971
975039919
359638630
98786394
716047827
225068608
421637284
881554173
145327330
682189607
129724353
134068134
22330581
1347280
603837657
559436646
273898032
610229005
380479349
451800962
674270683
256509126
313630304
5455501
162785351
546769992
709012247
607951359
51658727
158481856
282825595
714868427
367278485
976231730
915359450
776430929
457540575
506537888
588035970
379264039
724139314
175457746
169730306
811489662
57983733
621299419
105348917
482012469
512407365
752309806
212635886
512837413
794358202
670187484
244316232
948985315
231030757
475140454
587008906
992324808
948353578
621393807
763327261
969306656
431919511
220287857
672522752
554718413
877810429
176590023
375238266
14789761
481533258
63726469
196823946
619824536
248072560
915332459
636909039
184444178
260121630
581784023
748986265
747290251
510103094
780291935
885304595
307087116
371676523
671966961
408696581
900139153
921533528
957313794
784956251
754650833
45947010
618830713
258637762
268293181
788141741
683781955
168256619
957390251
549953458
889506559
844536027
765816425
822443159
656873616
119443844
498753014
423491112
832731205
964910560
396777284
821326824
495251099
422925185
310720652
212479335
750456940
708133177
726772835
442143817
359675603
485614084
486617323
648736135
152208853
639180932
823384115
838641405
758555588
346992248
829297916
355936526
950751986
904162671
600448630
350347729
285435601
540097842
643820939
788942852
610904516
514855960
43747287
132458543
625276708
133583714
932446828
83010020
467802551
64524739
887272520
146557707
412147300
145898376
484427374
408133049
533448583
9596164
923263393
311686920
492286674
709156576
111245644
500633927
446769001
542676744
433121490
85248753
65828556
768580801
902955430
239933121
223686620
990960033
953567737
927561162
416460772
609968476
514013988
979853159
350615514
588265702
962957231
839669074
438612649
158169760
367060761
995910871
654207857
324780696
623411917
336929300
539069079
745330048
342942681
55688731
251084584
910684798
718833620
503146577
474978580
28522836
670853676
42808692
7645016
879850249
719721994
733870363
137647321
356542861
449148814
552745013
76923371
241480682
285872356
15113309
119771235
545067633
920030899
914682753
750064019
610764675
133721357
112809268
401114925
534279570
866890825
672556855
478204513
874114433
307415735
483367218
20480656
71984415
315517887
930907494
383635744
920843388
510976599
373505011
759100732
291799454
437302117
867224123
379316103
507239213
566346231
635656687
334241277
376330191
842938097
246340984
140660106
878169264
447777857
793982422
770392223
99200294
443235133
845883328
831900695
231309113
64123528
955343154
955951974
290954421
297136922
118976551
516956710
91705213
189365309
713335205
525999597
775195846
825913833
564125526
181453071
752710000
902036027
439845749
295801279
220572595
807626163
161606356
969173315
235851369
863843047
959486814
633858895
699407782
144951728
260127554
939607725
467918756
149891924
654102552
498857841
620234198
923329615
120191573
226410012
149091733
654596348
695816000
996704045
577798619
571738669
23715370
589404127
244435568
381742190
635597031
487257254
882999515
449349821
928944178
989521547
852467389
216777645
696037131
395545107
101164884
6953329
808358687
802320561
503535135
31258527
536979635
179368692
755326492
858209007
980234047
382352759
951628337
951762000
944617631
327796121
706742785
960929579
951764115
56843405
740383064
291679697
891508342
155277721
832742725
519633601
154910319
174557153
66420442
905791085
736016258
622738071
862373830
118578414
953883984
802778540
301571230
799824450
478719616
382345323
426257966
460608213
316491603
506770221
944292908
367266773
123822977
914905533
687795935
705911875
426117985
645336397
217713626
32012237
347764207
276365169
717742417
899023711
104521692
978027156
75117845
874786562
861249045
319732626
851259332
397850813
109152157
871390114
661682142
542046506
356345179
489917081
496816254
825236972
582011474
628909316
973953814
17977947
656397694
357523543
262193691
597813843
673529387
227213124
738633724
834723890
523335642
570110856
322079053
637270530
898912140
1261048
413824065
434198199
448853083
158635580
969641697
804303056
365696331
367053820
985311607
439880118
279695222
52676806
440990195
310752782
841331642
838085654
736875018
615907695
402767387
211620781
307945914
163540805
684421319
325294774
643864779
200071567
718839136
274415327
282374298
196726750
980127445
220042246
321279475
949316166
348240700
576826634
465907567
726088792
855538601
70597238
366581493
167190143
97135731
741189524
709776847
444230006
51768329
161870775
571222100
786198193
52786384
545791286
784005637
37361467
970680321
234203716
955962919
67675923
859785447
658495925
359750832
260537802
587849033
69384392
585796368
27550452
261567531
965090115
134197198
555262492
348489208
479311588
123842442
490364915
132958579
502169023
491398310
516671277
197194382
23126386
549691237
185361560
425140716
722285302
34053570
557297902
388924229
476495064
308366146
317065779
601172271
813482512
917465179
11022099
796662482
122674217
467749574
434054213
484460244
110688388
581102280
915239709
716625662
388289740
171271522
828481814
259817642
249960497
584075268
800730089
716560054
40081454
711926105
303395340
848659185
420864515
646484227
692366442
542279676
865942107
295179690
455914652
990641940
709467647
46272401
164349337
71542083
938533435
114468653
64119760
302692635
12108221
266811146
706387425
137587704
345851059
543676903
683945008
220810692
405890693
988019785
58190197
267950096
328620479
881250407
310761726
770014663
872570408
958014669
584585168
791889212
324320217
313600595
738463761
676789961
405068106
887734701
369872998
174439845
29874658
262157785
360436235
638045588
229403454
64131670
513101598
170006810
501527412
469747300
608086283
757313565
859594792
4488017
358079285
917541084
874500805
158377930
42495495
190481872
906516016
482621886
900225798
624192387
555671910
784644816
785427605
215011811
146320995
247873941
839394072
146531378
971921368
575489877
34970487
440494887
468184244
20348309
965407469
145568471
716474925
247472695
746002818
985762154
540642211
293400447
260423623
733955070
634135217
47108095
520615901
851243858
386943821
175293957
361303536
756925915
660686517
425200303
566785434
518791471
326323491
858725728
140496856
955607606
738450372
30604173
743060009
771045034
949682770
981987305
852724500
249087508
93272966
553251428
848650354
799142893
610690315
895068083
777068154
981045847
276186273
457885261
851151327
281387639
736550117
713725911
644908489
374296743
351282972
859977382
71577835
31028581
53119981
562009082
578006480
479987419
658907930
444811301
935585975
907393470
588085286
32283266
294192656
795467396
983311142
971572287
534681314
133210660
573959237
687720702
4785279
191184112
892833173
277200951
627761581
441699068
688404726
769859352
223935335
37198511
381815538
394079137
590697654
691709178
795462482
740145456
744042643
24110384
112357100
721283588
694930224
576325983
989021281
482703201
829180079
146040770
100779273
593332735
879993113
574362288
457443947
480615826
323163246
557621324
444892589
321433451
512388501
955701081
845894450
868373498
348662819
476708420
51773026
284980049
61545430
537045165
272790583
973611527
347022340
808125679
820737132
855597796
364876441
523286223
327800760
526632123
200629337
567043431
443643565
841036452
541800742
665504946
538225827
141659899
519704680
112585766
41115980
391642230
326627502
569644529
226072581
500386958
746247941
202424748
540419569
271551204
312354520
775092996
137600719
598871014
489942934
687219276
935350580
68055643
617308021
106843356
664731978
127247666
404799277
808415922
199770696
903214725
176789300
471947302
506836535
92276449
187726994
471569649
223271568
961027851
724013378
272853072
843652324
107360763
31606193
625137038
852518814
321430689
868533928
515283767
415889430
522540794
97575544
564735827
206147610
287649149
203713653
134336521
290025219
274758074
359585546
485193624
620908261
784547664
377297582
28308958
786676614
807722033
576256727
402830740
933802829
620716752
6814510
940148441
508369853
122785304
802342934
915330981
787648853
219788146
611850500
92235879
377458544
407955722
903242548
299620899
949147315
443086622
288142033
397270293
270627084
993785223
788875014
801896153
542550520
683243099
361997283
643408571
260056589
704649189
865776877
261409369
598546932
931532284
394330086
842829182
386322224
65804872
411393020
15621388
28304566
32225240
935794099
56288175
740536202
546776449
271855144
642441877
363943072
307075579
759864651
613303329
133552198
595721081
258698066
217258301
359241631
437320097
330805431
789682073
514713428
21058833
659950917
302375688
596230551
38191465
361515733
381659931
487140280
454148060
875772790
406960174
891345936
528742867
927762266
356261067
466478815
291210560
701780305
258944129
770114948
242034318
617680142
997747234
901168947
2332482
40763573
972858559
27694152
865825256
23133137
727122332
671035482
630667775
719046698
983809404
95569468
384347257
223095322
195901922
405664083
2511090
729622440
815842254
325852784
196854899
99354539
384596423
14457395
828035602
419778862
199100612
907476060
531616940
208105138
425943378
283985596
649614879
779537198
340900751
776580277
58098622
57748487
339584157
449751120
405184857
974991542
153455606
924456805
306085099
182557305
537657836
498836629
789040743
429563960
642622892
952484024
304545423
918489021
436877314
43340459
449502904
316757637
604444820
914980416
833507079
118878375
738620303
117437319
819014649
3094087
393513025
159866274
321878212
47542225
442595691
788808776
344021581
804369868
284985917
451772004
172121764
567177254
380168868
293663377
682372893
882460606
372672815
860620404
372683487
518167307
103915142
28939510
238762657
423233828
881819117
267387847
508308852
353408451
795898658
570258421
867475354
642884463
615951512
503732440
891237488
388200192
444366103
214052589
875730078
328975576
999242267
940848390
175473530
422551063
474125321
753756808
845396422
975699070
313247707
955325963
486846169
437563617
753656390
318522427
835649506
455760139
965428099
82012488
696411161
796191338
53304520
346935770
368473615
761939834
32514951
530567284
161727338
765206101
540442776
482327415
936582794
108644724
14990971
328699603
134677318
413422892
714359909
811975039
910118908
956222532
577777615
678860503
564728362
768885212
310610931
126757047
889878065
666228875
168337761
511201902
489744688
701317892
241606022
877800217
528059329
899847256
197747823
361869629
655131808
261875943
608424966
272286475
601879009
568211440
664157158
487266726
640465055
808994721
496345628
304206673
379187336
196007713
507062845
697551467
702701700
324845117
244686758
955290734
196535009
570794938
449017383
194859956
928647274
371638403
178729351
616975523
722025092
683112420
328973097
738991871
122036323
778525719
146755752
297801036
456658725
681762310
280154040
85022761
518545842
32021769
843019179
805143472
861168173
324893477
956295325
886298917
44629952
224462099
487313341
846803057
592800892
431347850
520608800
202493677
103233235
103908641
742091026
910235062
548726946
55532311
940207634
395968186
470897942
933233741
544660033
538384029
392358546
885816267
574622167
81991342
203829009
258566903
405887465
985046254
722933274
534323895
903661258
982916612
355087566
391527748
366856443
489205813
400505003
538428719
179118462
475619742
206112643
251353648
501049448
812693773
399386677
59430669
122464426
27218759
235126936
535807876
615675062
405786544
293628629
7938372
566703356
79867785
721783901
383857955
181240967
433513486
896217328
584890474
716990876
477721553
88997335
403650713
425805428
368396162
666894000
945476793
59308782
443019173
529569857
319543356
260775783
668782960
296550785
108321725
875247038
690198288
209829045
507386908
931381506
507907831
529807440
524119219
704771117
643368437
862855632
361143639
386435112
201140684
91892844
316509078
750099943
540784453
479669655
110740573
566312008
983960012
6219910
973660720
172655269
34254551
119701795
872136787
384315345
837628840
598825038
919341688
703176898
445272640
468668031
80932030
59170216
967707692
476186524
486816699
275168638
506082558
348439866
842886704
179785202
85068935
297778290
670317444
878352508
345040558
717928521
726808227
912905412
90491840
181638554
168696627
64208053
711744765
526926016
551495998
414032115
949368621
484322568
555457085
220482916
697515225
431450683
340836351
995096070
253021378
797530954
206882835
886435754
164605502
861814762
734810251
802282468
492777678
818267105
807350113
254412700
520160878
640626601
206078514
305954068
987454438
851303790
222148041
132351532
138643018
977405219
307666148
164609820
60182347
401412021
620768385
860546905
593795670
267733878
9031288
694213316
949497942
225254314
346989456
850549305
951317644
31856654
247629600
413829349
26312958
351072733
864527607
779365021
795348369
525114490
612912654
285792832
297861338
747955176
745222211
245959256
409054225
734018611
321713637
314410939
468708100
575008071
979212594
171011486
460033951
690686955
206103507
44467618
520524295
67022383
543734464
462579810
51963107
220406858
552899984
564598785
661196548
340842235
26788736
6002860
21256512
785620100
798850425
717577969
552122787
458675199
862767301
535629623
939947479
36657400
323984348
952357678
7426402
344525844
575990098
47684477
370472994
328006305
433544189
678416145
968884398
679081841
405947360
625615997
116232955
785103736
95722001
598628554
5778402
875174694
848130397
146501492
936680748
594433124
197150560
145579759
124805722
601519743
927079554
585656735
271600077
187760768
351681504
773729516
49142014
423793449
343445054
820904812
796571586
935794482
203249347
255273136
318430596
116246079
831686157
108837989
259035354
567201244
137198792
671152895
171745105
189714722
235115285
153246397
298178794
890904029
694978461
261821548
214340386
972928530
251648439
14099686
288849779
65194161
880228073
948748420
470496072
876566867
980570096
827852354
697530674
667810437
483200600
314879097
179585923
524870383
582143282
764292742
310156227
269374857
490622055
186686199
993751375
625119561
484439985
652465105
650448801
960217634
47405185
700133000
187736277
617479959
345573893
879136335
315741325
938552515
416583031
618162377
548272578
215564747
233488953
583489837
162484267
721989320
609960845
176170596
605852711
144350171
530671893
42537
599334859
888754875
923703362
527912067
617817849
859938018
89401305
816091022
564270981
676055120
72998016
790766839
297908744
108142178
634131017
899883480
87882935
664811986
944410922
815737621
942174566
959220589
715554315
70593931
23292649
173064090
8468632
853806377
36732310
139914467
776106183
252825822
1836528
588051092
669763986
892038088
586248902
543712186
400623927
242407799
781163084
621792349
978189506
260848378
359077972
127546993
262266862
866926369
982601435
761585120
179307510
764646663
816517924
42382660
165423688
305277078
220573016
397685084
470948672
236102475
750961307
338245047
702435404
16145992
474878267
782623750
522332250
493517802
487706534
90530543
455054782
3415608
559071485
589850478
156389761
666884550
27436178
453912979
603306974
252146462
543745234
140139479
2959135
273296675
233337365
75223764
626004306
705170627
95848075
569898839
681117038
9931775
882822720
651355776
51732803
264110534
805011000
154769633
270437239
754863192
226307723
49435901
400617742
672791944
317765499
192518954
703797409
33841084
567123451
291182495
266182087
530894794
479499606
445868115
967762293
506303757
966542362
787488413
593586844
891935798
634087606
811282146
518801748
590157522
186383258
770173446
867401015
980943161
116863052
819857891
809671423
104018864
350621374
396088232
740682925
704057550
403446589
952710341
196394669
634067177
328438154
124474307
322449481
771877650
944615056
247910729
944662943
440949262
711868459
249408878
8114258
168859584
639740969
325596072
674279855
109425622
906769098
136731749
83612863
181252324
621608196
200643033
630971260
505602846
971794714
483783173
951490017
114918397
796562129
501167682
939019122
995921392
731879794
990439065
557705737
748920666
939058513
386993445
633846252
432641980
50787239
199739154
362845885
320656658
502227319
780855200
210377319
595784262
252713185
664069740
519051077
81096635
497308581
197916855
935758795
567404546
316666503
241967141
913819201
233722842
786740551
438671041
429690731
770731642
53974971
608178064
783652520
534914467
554146803
878030725
532146780
174727521
534667409
370365201
737293294
773469350
205355355
256142950
326721394
577995096
115616690
205364582
79759892
126665248
539565205
787497803
192864012
109175117
770539712
167180685
962778398
79018147
782770521
694244992
408338032
393291454
854023988
420019395
328037215
363230991
631565586
330272636
456016804
102492710
843363463
976807972
813043381
464368375
169652041
352259844
340612484
414460345
945108488
477953150
133174409
118928918
452017353
351932767
379051943
713777366
845290788
952557171
848879762
64459826
850160935
929636734
893711473
530652256
380635411
526742360
12287280
411219742
571033019
167202601
396342468
365579966
970577016
176813540
709575370
401846513
453100264
474381378
100497706
712207334
552423328
85160173
783124783
834229015
561903911
93050419
28563305
229699866
674379437
53858122
437457247
138903338
131746112
101325209
352812165
493734116
774377900
494333219
882068202
733218374
960880020
213540643
372799554
759970746
598708258
793558770
724037610
745372852
888137283
439903271
833998433
600336504
936514203
679437138
283238289
877046449
630210291
96036294
995333185
400133370
577429572
275316818
705942621
691845725
72727075
633869246
906506532
560141066
776785332
604856838
301508335
802123251
624870350
342806637
223374427
663149523
382306464
485369801
648720886
603829183
349406608
263862084
497259332
561787163
441934525
187194207
5642102
691467522
475587622
670643289
853995227
499499680
913352346
312232330
788205092
762942226
118126092
320646913
133300632
752490035
19738328
574368693
734580316
14431950
592239416
215797127
932471768
303381702
593805648
714350760
612745493
487605627
504757250
650615066
919217919
308020216
558718166
367577400
476279492
67647752
910652429
949443639
890080572
693790787
73296591
616514833
238987322
275100115
917914510
100091548
337352819
820583237
396882806
497204923
863823096
734369453
503214902
141545613
797596457
175255648
836041567
203219483
621357704
753399395
719141796
71897730
469019908
725310759
232591186
542798538
930468157
27846207
829682076
662450588
317605220
260770371
19068983
386062421
529505294
403888787
943970750
162712702
208242047
114251958
757670270
50142372
6410716
449212916
426686826
107295957
934971497
839260647
923273956
793434831
421640038
455747052
391955809
757103490
752965094
14216736
879415882
502792393
444532091
403960911
782925291
822686758
632966365
810442955
822254036
798829910
906985111
144204074
485783628
906762891
846909090
77458643
705374763
205853740
262487014
327781188
549502044
442596711
385052846
834737653
996361103
987808972
603777332
959997411
723571750
130192341
203859027
904507025
524653645
254942812
774504503
739010156
621090843
756239606
200210978
858836358
747533475
98452135
725186326
766926798
748250033
87679294
509056667
79104192
480774504
438522227
300521711
513706673
670616350
595664922
921660023
801529703
673289877
69794152
128151518
614813020
873887081
882501518
856718544
694854511
160450120
724772254
836109408
29316950
546319988
179461196
189590864
580538082
834484618
671433357
282434047
868239009
577655908
353650505
291133309
706831121
931003813
779639154
132693081
820481503
135480553
327698180
320992846
443466759
148873638
135881725
998588298
902985622
449170198
954859665
304153202
683530001
757971660
643340785
26467933
762504881
530588372
94322379
836559322
437709889
704594009
717009339
775984908
222380491
532874416
335162552
149453983
904939661
744304557
494304341
213728431
784098845
710655584
731791726
754178495
191064263
813984597
415491706
657953304
124658277
722233374
894126152
328506837
151737733
945049092
480063133
431026285
766408980
163716498
720670180
582831942
830154284
397609564
452358871
859231805
494501700
294701331
130550983
963626617
807548825
995249656
859661371
724419062
806162024
502471921
497167458
870242623
486551950
228169945
465412296
915693234
716553377
54848555
661328674
176582128
724707042
78127610
986843831
455876935
367644182
674676318
9390117
127636628
310625038
759968996
888062418
682194085
36385668
9549480
163846741
843167784
499073366
226271830
650617769
322739052
826919914
217232241
607736192
223727974
419974314
260189380
678636909
961725934
945598166
191520499
666109450
298255783
960548012
597301402
434772850
464983728
694641392
82844228
24853291
38343708
172806986
942230881
891464367
481275876
574014628
580717821
827044212
208649701
116419916
233345640
798330502
668533740
58371535
117658096
561734252
121835693
996052679
738689855
466106439
77819340
374488692
196929670
904858627
183192765
60014604
98504468
469770172
625261188
200474410
536224184
351151050
464844209
555176399
801066052
723347918
655136013
75098767
699176152
38465159
310933536
389472471
727803048
778332230
324363454
514616249
993873919
756286642
771201573
26300514
247749343
739223895
284369899
599372269
695700757
956791000
743385072
502132338
377517727
591180486
140222720
720317271
794639763
750451201
108263665
306840610
681636047
487157654
154429966
180001732
434109172
766990927
879906508
423917385
773172420
346624660
576735240
334531440
847496728
153296963
354069356
564387677
866163613
281018643
832522124
758576348
224710121
123587058
266028623
739797349
283395472
849655549
669556868
160373130
728369556
235987797
168508530
718751749
980947814
635574625
805730442
24686485
916071816
623907431
837050850
732109071
252741593
637754547
705650649
166975700
670200066
954087562
238608291
514218185
958337661
253594772
866407537
155097540
311347966
413516660
688977547
80861754
74885675
438244783
256422980
771952002
691763828
204763719
640030084
633203145
222047352
469706161
30220193
660762012
539993419
296580601
368075122
723189244
579580574
404609430
766375865
458457950
302995482
674182521
705188494
152262915
417443873
892794254
489147279
23965264
981349302
175384723
826072322
197619265
51525920
648663912
211746686
124223302
945309768
131049592
128200346
779255973
527365758
362953501
39497973
442618200
640233341
392751869
377934785
655614415
789221982
789333246
259039047
260923486
968890906
765346659
114793360
807990180
410918796
316663305
683428267
684141163
351703267
189836544
229435320
613198372
121028687
296576853
168371465
995329609
278606413
283127778
634219590
718046260
138261792
198973060
222327694
585588703
111973653
656195175
381914526
822034351
158609881
233226401
985772891
887513179
279586514
808582537
333445253
899330982
173344673
72448953
318986218
454605117
201715987
672796997
944072600
818439505
798780604
621311601
467772013
636243088
803052658
817048209
674641629
365865103
843481752
611468802
938421212
641869919
771813062
478194376
189500161
104408547
121788758
750713734
946084556
710604368
360101122
473800626
510595393
683662332
718062848
214599629
531169470
787999349
56400576
611674370
511522576
937536224
898613312
141247010
550526581
564494755
353292973
313330068
181161758
100588
812367567
692597369
169308636
770853603
483259406
321333005
819236109
222113636
530496447
968804717
126189309
311767101
658055790
873686900
59489922
957356830
895087168
515368695
645842070
175889557
43384816
31903929
242034776
447477322
83502684
303298913
690797619
303587151
74691086
28942680
942926934
214546485
178520461
684028717
831293155
591553069
67937698
462403920
13963495
822843676
851992071
668398014
426118455
702823151
200258332
999240622
54520014
579014174
938348424
180280706
137860592
358144921
503471790
187218785
153985286
73185266
623672021
720265168
237918205
487536733
160889884
363124457
429251959
445421825
676742802
195597647
811530060
619509192
356699698
337655614
461949750
502807424
594933695
50449282
116034443
660369775
64419880
459174905
350588070
487000501
853534253
510660535
350815158
785984800
704561986
594210578
468423182
656407731
786455942
223978304
382290398
850689382
795742681
581421394
235591126
154204574
231574898
657946880
497002472
953079243
23964746
247781800
794086425
479081270
622352617
543569245
699453246
811295671
103353297
433305307
532187258
675272962
404093914
868703311
670851273
324053656
666201737
259070241
862771239
797764126
996220435
322436100
81546924
604087661
579003515
296743981
400346259
582487904
740834117
472173629
935877509
811795790
693843204
50448052
275547997
185010929
323669831
261364062
116989787
427437158
975824283
791732686
167412396
23468867
405080789
488588195
711380773
594443613
896792763
700533590
687371879
308655995
728369569
626474106
574813093
57503553
39905502
971283003
292068327
787115985
579610555
320790557
388435962
527607920
338329882
355952829
77965021
32724970
967396293
205181478
409848026
90692967
76950426
359054276
128222403
439631359
946406092
33233986
710532147
713738450
91151351
803949169
420400806
213159903
360576639
612914349
203133484
988035566
160028925
677749586
69296857
256970709
509498975
166371944
498020982
487530099
297178852
978338409
267829520
984736427
521563596
249952470
783251122
825623665
801205602
218978652
936565570
782058456
440838295
933882838
965070123
735627533
781227617
495304580
749154034
913038283
135368791
346598114
627430669
474139924
32090878
838424156
531904148
881768933
399422347
734233751
538565823
41430724
95422475
814785116
620118977
166572157
19413224
707408116
738428737
522471142
223306754
192160982
123192894
746064737
165043354
179429287
861279828
820417989
63083244
840835277
971827778
746208124
737769076
519892554
355591706
960393138
875053848
309347464
581683401
706786646
261537320
719468284
167700886
584660869
675743909
393824498
616173754
794112315
746225386
419029105
936770176
636982630
110238281
317968223
742540538
445610125
102226090
445199025
501254483
639714527
211720209
283121365
116186211
744348020
952831322
504520398
944862953
426462924
656963808
985214551
811185948
134765815
952758138
178314951
118677338
234848099
261417660
277710737
825242929
663605029
958202557
85978823
845751053
423700448
224686564
297813063
482481856
585211098
932681191
352676643
678608289
108998453
659999104
116680574
488917179
574278782
493607219
165483791
903922540
249724342
641623354
75233659
454623253
330295658
973190655
791903360
388616819
469417726
923659734
928779212
718418568
864642307
74631833
183721726
585275362
870334542
601835524
297846047
822339496
145836538
556992110
277945642
440989607
707621759
376806795
398218551
114093190
894201061
26808723
983733463
331212618
442035948
11131233
142935693
996223231
644051751
915443678
990477230
521683299
218444255
24069097
688161595
838166115
459696509
233482159
24736704
920363813
232704587
766363721
234043825
75449313
824259302
477405619
823628293
663703408
15233073
832416434
251289681
499313690
294511085
320968799
593368295
45645768
528253564
299452753
611787363
680259080
699142944
933786058
583561160
44916780
359641744
993891129
702245015
832004897
729057464
202323268
356093251
686694417
194091949
507210636
252178713
722437490
802453615
234527141
21777170
876670915
294370200
873453028
16203750
835735895
821571506
703101371
448769212
561033372
274738869
710419048
297880994
155497913
17324325
780272956
805874115
263447462
755257374
664704828
800860880
696982120
538828881
645148965
473027760
954086393
619580274
393745396
274500549
188813824
112308424
826365501
713594550
601617494
3763401
981100616
895671402
775829042
939300776
508511059
147291293
715515404
994478465
497807480
866076931
30643803
714983805
341191363
434133552
394775347
383631734
338208564
582605625
220927511
360112523
686858364
437788206
675468882
970982658
987402640
926510330
857722226
149018407
367027189
733364323
110878197
323206125
820552974
150614908
668661394
456137386
223305559
773057620
874640801
173428981
788591614
446427514
969135636
392505487
631390535
314733304
144555635
611003686
631944171
833866876
781409460
890942209
405349193
332422647
77935663
69479989
151682996
907776518
785022922
471299002
333363382
718748422
243574901
509993235
912381248
660619277
325261917
362741938
235333486
149652402
488846143
225861996
267417946
791105614
334528353
963586884
452333779
70074260
726379555
428813932
76419882
930896344
473059355
213600292
627100595
648322456
713735276
898261689
652160237
43467019
719260319
536168669
886144252
980516182
488912681
458929743
816429298
554679067
497002440
178973732
165122884
736083724
609380951
547056335
400579522
69525437
395721061
916986768
102416269
542207594
719954677
694935373
289623734
37188712
830682115
276475339
179000810
612959952
940082244
316731811
775547174
276562103
625944501
325536965
217383722
987313157
203493426
712549586
638887306
983451231
155659454
869536062
363449492
347893050
353075597
220768411
121173646
443586659
771927896
242504790
985438678
673742535
25603583
444083084
271684732
294359760
602471863
895525158
670625559
431258465
600144244
113693857
377679913
745799566
325293696
939313387
387279257
299235207
17149142
660471298
596033564
265334739
458740748
271378035
828824589
281959352
519169161
813839377
566255434
951874542
578395666
165915308
339061118
972222520
777525361
822547859
522735260
834621102
169728871
255823464
676048401
703986455
720576799
867109283
459271655
677778327
217917246
544782573
176752034
944946420
508686306
475733311
700178172
284771051
90277222
749906294
187612036
822717773
301761537
750050694
237402327
488022416
228889562
558899194
589028771
605975511
702360331
921803550
119876944
597878793
519869949
402776555
449017556
978871821
874153168
530387675
123720090
247704814
739962080
125251847
267996974
335006534
313176685
692814765
814830522
845616281
393840753
449219
969360498
316137913
556128318
801587196
375605688
610611444
154260758
668154979
614230524
144348555
782699435
661552916
408888500
488682498
256666592
812322937
567481397
733041438
271608324
554538128
170781709
163634607
606902651
827478722
839699924
991873393
277881948
546912823
869695548
533520531
235922188
738806590
645167395
999135171
896103247
616346017
139768405
747570226
216176589
106488740
212081364
150978693
153310867
77282220
783692242
847700354
913135163
407005716
765159561
318657714
490743986
992685058
929242098
845060217
559829918
15823609
892209813
642904500
319770064
758429181
986570651
166621659
542444873
572043660
19166871
709117017
79284279
476189182
370315603
226225408
525574186
105688159
21091229
630996125
66797426
935497735
966143288
193739378
420109324
446729634
119858922
483327281
227566517
175226582
802257882
451081501
132025243
232804092
664353408
473785468
8482754
111582746
54472079
709234867
358316665
208787025
246174329
901815056
841810378
561972881
714266918
1598035
977225340
562772898
245154576
4554526
65060548
480934948
75091647
767976907
453522772
855223988
739182155
247014533
563660002
658871608
685049244
786332954
745378922
918246100
16952895
507313137
404858885
899509124
424378882
432567426
529219262
477899280
178656270
560780294
780396895
273098061
630380098
587251702
669782335
402060828
780594755
653204716
418304473
954092516
269512079
870455356
904946109
742906713
591431674
271189
895980033
281086856
579865266
738505007
215277649
6358030
132285707
282420385
76783679
453973089
645903512
451313581
801304477
866971255
149717897
839581145
470128887
512574826
842347365
313820362
368486743
701397033
930396860
239766735
44166472
649534598
487966989
597719761
329371682
291330741
201941076
374691743
677665051
534272653
946468475
485028873
556942969
869347035
196504189
454576129
853309278
758727589
109499938
710841948
712058332
877351458
795275250
554195352
610376538
270598261
230103255
800606126
520993836
607454066
936538746
137728563
846502564
815633340
281670781
835662018
459339494
116328033
686641547
981902501
111207585
96583679
246401322
599870274
304137985
67566067
493194300
645518269
675460161
849935450
298702549
514030334
416751339
746475973
791793956
982427805
34049525
39138640
737661912
301178139
670262305
187536435
978961210
473998207
660654852
807398054
420623934
303875924
607015125
747446877
368323180
655973164
134584772
547763584
156175417
142189868
300911005
730783383
188663636
326817714
79428396
308647692
135081499
104033360
252140559
5205327
216269859
561137065
11525089
126287634
286071853
829095929
214654623
77826839
49127045
173259861
826116515
926522444
831397696
425599492
385317242
275549842
512617229
458248622
232588130
939770432
619105604
597059660
332134949
431631765
317952452
261323188
434112980
312320221
63488779
670478612
712338946
301658104
646354442
792224223
523969569
615706648
940414553
487045824
574265455
628053032
463487648
645252849
599453243
709712645
832590
912230277
120781452
642825156
37190775
910343237
830670243
936199082
966427575
429284588
821983368
395707444
213917297
539674425
326711871
976190688
476243283
808490754
638478085
245934559
349435481
869843024
684810315
728463744
472456192
282495262
39319444
415439060
402546602
922240457
16576851
962887177
636326115
985217135
655867367
774718163
888155404
240151374
970558530
168385162
899551045
259646351
214248356
808870122
705030656
61371543
167045487
442971420
784520275
628091855
608335776
289443601
78389226
52064780
948827250
112507989
99628860
814021743
365291217
628858243
275889112
845578285
997792167
573778812
686367900
192494050
317931214
262418588
781036189
650770054
117464741
386228023
650229019
333061900
87372062
900929506
717652120
837502973
232301604
630708211
549902048
567525160
312364374
476695374
819315861
254874504
388882864
260866189
437096782
459540680
59362684
919292122
772653575
697203452
649783145
916925712
511031083
46790841
728635475
542166679
127566604
115198195
662850827
666484529
559300547
112376051
751351469
696068603
409973071
913040625
154254557
116792140
807282924
443601931
337438195
14077837
222967425
89373783
267345047
409903667
84138876
906509741
850442805
459330283
624484826
628255113
732615088
754638373
541683083
407213458
222379805
823110642
694703347
724109944
495997910
149743046
662092604
736779303
865046070
311663286
811967050
538703688
37960483
749121619
839544632
885839523
444231325
107772345
510097935
551106937
632847970
339492946
902842126
279934821
342013352
836010432
660294688
660563866
758347027
783417645
657297174
230750904
401486776
913807282
805038356
638223045
698648980
569549999
154604783
97914427
738216102
914130969
125383286
663139780
721617820
415195878
308922262
119177871
771919645
897071559
75744311
125034768
196144997
468235182
398200306
632263968
504001315
921378444
76721610
209563204
76158990
287496328
456309486
339490822
991614414
443489932
676751560
967148310
821783649
185367215
825735298
327511347
655018413
586171625
871718135
538968313
53405249
898014794
525378587
284182076
580816545
879144016
475989079
932473017
147582519
614803078
525690695
964167978
807292149
441303133
405019786
496964191
801333458
169015921
233895517
972070062
176464529
360850550
496246927
493319574
709596849
602953088
123939045
53949744
62037057
195475667
716503228
686278774
746143080
547163608
743471886
160248866
749570558
853801893
438112233
456462514
603461089
510166293
505604440
138987100
217844172
645915205
300700243
297823167
55665408
760171258
375833880
708926126
119619085
792957303
366029621
479174570
841493441
938802752
559110273
756298032
640749854
235354116
949346278
530094903
477429871
435065168
321976634
752577722
496030181
411023498
164380091
166756721
633015125
202959125
585371559
800865149
419177719
163869278
640212584
423808831
465068151
294160124
994314674
969568000
646697113
154335244
232571073
379950819
288422774
580626631
620052159
713788171
912024701
682511686
617273506
789287717
970037157
421811472
618059967
711481600
209232608
171069962
536175941
532179250
254284882
379767516
80142137
533097319
86720242
523073589
190732566
396838431
520711162
773073141
696170159
409877210
60915187
692770296
262956520
669899114
816035590
59552034
624453195
73385467
119747886
515118747
352626057
294242376
455130473
732257433
128971762
144703512
266743742
358040465
772573229
14892220
511720083
251476704
451651748
239357529
84742199
629005364
689455197
720629158
145387458
595311878
767217548
17035343
860708254
334128283
314022335
245897136
517358420
321029808
219149530
264869545
847995579
528520986
806849162
289329430
283335454
622907175
641537040
356188994
233539678
166081906
348307505
983110471
120091328
884341572
416246046
473267401
302929090
52807186
321748850
286378551
407826297
98632704
17604036
999998536
270380749
245836903
703324597
50812190
222330497
340467192
194970100
226201511
437946084
390264964
297102490
458525600
834772856
576156243
74118235
911225638
959537580
416515875
559516421
933164258
739181398
697669116
203460470
722882817
16762150
913139893
908595429
968099198
550292456
521311322
381199989
319386250
861497771
14846033
613890488
84165639
447983741
82399378
845544524
3345040
788404138
274128151
243236589
350779399
210064890
441024580
870479332
261122349
314080039
151956873
241248105
971569223
451727520
222884331
610042180
889649656
171173326
200050571
720178130
36664265
672028200
174057656
457693527
84284848
522585459
577812108
866123364
911319389
682918514
810350705
112074993
725459472
103979596
632993841
841792501
326393812
111794892
736407343
966336646
483416669
929598897
284189887
265259404
17130321
630082920
736054954
395451328
870296243
869894094
2959064
852907917
989722520
63315700
200644181
413125562
621142751
546479289
52529910
281451159
433630629
610972862
576168251
571599830
964537346
157339109
939651108
681893189
455316177
821165679
243344761
501201116
385756512
519720006
561237149
497843762
715786128
20268103
469653300
109554698
198581335
245779808
780396462
458368497
297831129
179985770
491501579
175977413
163363429
229227115
28143890
107859254
961826232
923262220
71799759
660120111
393883533
961978467
838475785
233263010
72741271
548491760
449217495
922644099
590477798
256404133
274929418
226299026
59620343
645838109
740455081
738608295
838517635
523101101
914287229
778822906
811527855
208256076
397917116
878165786
379402856
372082002
772431269
619497339
724049029
146341687
929049468
736828174
738888759
309720987
856849945
817965906
982271402
306383287
42333021
142651485
675753515
615556691
267818970
499486407
868467220
156154833
960903007
291762661
842149353
300591112
218922822
836788405
329468931
96893456
13283846
164531513
164557131
748723607
193408337
623994446
319966031
376845696
975154817
284942259
72171390
975014575
175042871
762193648
889332565
280756205
714912011
534185293
760528078
498740881
496176070
157076823
972529390
744835466
476622880
452592910
613650443
563897496
323643207
349927983
398530418
409107613
811608246
900695559
791443998
928500577
150897144
912229866
213980193
503979762
963979894
5436490
37935378
298560022
529348124
542314603
140172636
161063084
308661485
700776337
984107666
17708151
238170763
635146292
883195634
340917188
417048838
897767128
248187619
408385682
651219234
119889960
600379261
34197807
300594008
979985645
970415968
3366300
111274468
117387872
806295986
643444718
920161280
749830038
571698595
359519713
82523101
731450194
810722152
723710913
924169709
178061555
728199614
505223482
338886513
848829415
232921682
962223780
18318693
643878027
267201218
808431826
590747112
592933580
774666771
429041250
212520480
180864542
740805094
551591602
279144763
937179006
317254794
47134451
812372766
194782383
859981597
166043711
426518092
466238671
179728682
16128547
583415954
820357805
398316113
776155905
518783009
21956569
884112233
269502847
884245144
478434327
555605748
703918279
996156228
932453702
758350733
187853125
553097092
187408112
48598162
823592272
800970709
950161803
544856751
28845678
459762172
499042912
720795988
677020538
894255904
265991691
425237661
916874553
195280698
459570286
132890470
359067913
464731375
333238362
475721646
963542315
686904651
484748165
507342721
601599457
994383969
466659871
3539609
406062009
517790576
955254961
575958194
517188547
155323740
874736641
578993339
254968157
553025499
865673253
148394296
976324886
608835979
18684196
302485500
289795734
166655993
769548254
156950425
366930786
272123743
754823145
728134192
858327487
561350567
94915095
8638386
281753925
12292432
134076051
331143380
903674249
789383563
39169106
680804952
523148362
710999406
932800593
274393408
136063471
692139654
148030847
318938710
683258977
471613889
572328183
539542574
846105173
648171343
57745282
703954018
764708586
523441140
934249339
550479122
157298506
466536776
431142858
364835676
852723131
557526419
64507683
445234563
426961234
181107812
91761657
608385591
227481389
363538642
614795707
772087066
978538823
472024445
542963385
592910555
421927317
237719937
61582397
420204894
456133693
328938178
739884518
775734064
574576375
608195553
406005536
971352379
76822804
520668994
182499791
848232072
799177704
469575760
202447449
405826883
765793063
846320703
262204263
429228257
8826520
309089636
71493778
828036061
364998078
652775151
156087585
979331247
411486660
283305864
832906770
35396705
149729521
843314005
604063304
904166163
606871445
150218891
539059896
699394712
99260077
678327543
131953086
365215316
892701282
597740455
663533601
976885853
828425496
219493047
244035653
948719283
894463167
648464657
179846900
674109445
797634378
878510652
145563785
853487854
150383674
66713141
950191130
759327965
97868073
828261306
825591984
192938453
920919229
273149842
394452760
821571189
972750727
803087010
297870767
397575047
470482141
35908557
898074108
470251633
123844936
485608822
785348729
967596967
855406715
380045301
179274383
448596471
1451545
680835889
167998104
398053697
11044596
635109596
894911104
553569136
441511378
195874928
760323750
690086728
156018593
363047527
73541656
608229475
936282662
869481657
226321610
518910593
892797034
446265533
98264558
611893775
246534936
776407084
853303049
604278215
340914645
630024038
870158623
373271528
969062722
66490486
848791256
749347839
352868763
855647152
705248202
163293697
32597228
998230509
395847293
299088607
793092111
51751334
961230691
709161588
218878456
538402335
298413195
609931306
185727525
140617491
160220296
781924778
725860081
479075287
553472107
884478943
432639758
244589136
490696822
245016301
608747645
742441810
449500635
65895326
640211614
958706184
260932748
937853125
162454223
435749310
320654591
573284078
58710985
773855515
599392143
209036264
928120187
370000306
713982603
961040523
944557339
355427272
823144992
494713420
671831401
181962080
487810517
489338018
907995379
987779028
704112433
533280895
275815983
216155691
852180051
240241975
739586012
49813100
196130336
735977234
773186378
946457752
724859202
846743018
405175172
299201617
23283267
133018957
79008867
439730770
536482921
883791664
806804192
515883166
405130090
460135516
102090664
997269783
406162608
753229262
451420206
217162818
473670874
577018209
623887245
328504443
222192374
570989475
785041226
357507507
339860103
125180531
487407478
246024726
25635168
508151175
754617418
679502052
291645340
965709190
301032005
337989535
673137311
24671271
461442145
616448115
903415125
652184781
274319334
901198372
106760521
711363174
246625477
103001038
153808490
539947734
61626518
36093183
185932087
579913667
817101122
340871885
680408591
334831254
861943986
611481185
587259003
352443228
441094556
424555668
954930717
762143823
386952589
61072306
79469251
860234545
836668622
12701821
49071217
128487497
832775912
49992356
569592411
524713223
937191396
224559271
662961608
921008725
192319449
982243350
230495751
750163734
99218258
932383641
846776532
620816415
655595331
313287747
100281708
868876125
511153973
926455238
22810789
38267720
57953626
928703372
830810809
340348411
223933996
432628136
922045628
34414627
651901146
382187749
144856251
216997810
587175146
8351925
697005866
479678212
486050635
338237744
135982102
873119766
331331633
688570589
402092203
565506179
794144501
995138826
91523428
505455757
596485030
132885173
360698541
323643006
558461989
368621676
617727831
791636998
998463432
39910782
748950784
954719069
293729630
502683179
895350787
769877177
650411809
899461774
935808803
895266592
927296589
748318552
363314096
268003226
299033623
426257504
260562471
128776861
299655721
987821381
954455188
891049382
42562808
568990961
793880804
853100543
164612910
322258558
448786454
701697363
188385683
384852722
277366966
987743594
565960709
897974533
252585981
224714167
666441676
716634782
65478701
600218628
332116659
810922288
267771829
668579389
73020181
315306183
173973420
867291646
144966311
889852820
835454489
912882840
899327135
466902550
627245456
42042428
813483053
208732586
356581517
40658374
840509423
279033202
329699905
191228135
660141550
830154495
519983417
941684395
54573763
50813114
987868164
72621665
326973670
250997960
924228818
772454367
699267556
580954624
213413667
255781713
868661851
197461537
867293361
79788394
51474395
769719346
840481286
270740866
208127315
491644087
514467499
438087261
694203605
105932795
272545629
302365741
749998352
523890693
165896553
309952335
79336939
772073511
503631805
902226258
951822364
449705823
411393715
270937064
575146774
532925559
232210116
596635963
751569122
711245216
297233807
523945702
999004765
428482797
179741032
700663720
610541515
975484847
978012142
946863851
323736590
307562737
346630378
60935745
139562322
460160860
832486483
502480735
906869659
150386628
631848612
158380104
325653879
927205001
969880029
377702966
214220963
807702943
922461044
289938611
536103456
303483020
762358590
711504897
692942954
272234681
52558904
834807840
77722991
40821994
934586468
834913308
162697699
779792140
746661577
579551737
810826489
522659095
329256611
417770406
777693486
733669789
882275003
149783109
418056810
496574050
224588190
678565956
235882569
950303137
293669900
743330613
903799076
745090675
56225522
472386814
285146343
813911944
878492333
914953998
340026253
280322390
28082572
129746710
350929455
838302816
943352960
507869894
455971428
906427410
643805757
981433074
487677172
807132695
540895687
998284668
177617780
333649275
647595502
820241442
215106903
681532615
218557303
909436707
788005315
544010154
411852486
388231982
684846184
80493203
997132694
984552611
842667675
38077911
590105173
517071047
245468791
977225696
745309097
86095888
130743375
197085435
672732827
384428607
19074201
121544032
972131134
580221690
669807849
111677344
494742614
496216669
521896108
543716009
885298207
352836123
162248442
757619803
302534776
800802740
20790060
132474757
700665218
460429875
981305965
123564516
748602839
880400615
27395990
803807196
370028117
132418920
600218301
444111647
151284076
115545669
326444092
390342921
258953069
952892348
255975276
387299841
631937075
529303083
134713671
541304315
425230687
411522468
920378234
425070072
738951131
887074760
273753893
854282939
929488774
876057346
851921747
759265123
104608996
19757427
14336336
241266426
197140161
644673539
716839533
868963863
36048030
219131666
457611646
200069970
299577968
310977496
291829368
811518693
324814519
77508572
757673214
441684922
639292485
601158154
822013215
624463118
891550274
473033635
394816734
377920690
394996979
27018876
333645836
807814747
31729499
30414456
716244467
119970747
194241188
544618979
918910922
324955382
731111518
221687849
631734811
553826646
703027683
851690063
388633147
331520429
302693264
936094152
968728421
309887345
351809434
677329329
761221187
279185794
839783410
538067586
64212652
808409445
207582634
399499366
597159551
35424128
74189532
978992029
656029890
458112712
918028437
699211550
654984289
758569617
778753798
785915922
605985406
658296502
332380879
441849999
454828695
210630152
46814487
29808206
560778316
175946759
701653716
987067380
15013941
49023243
750224050
967295404
180147464
732862487
993901780
387339961
198438875
865125977
908151096
571780115
945839560
127728900
142114624
549304179
334984533
386151399
228884822
769406172
961643202
161258005
883246353
706538301
115389937
111113747
432924989
46331400
337355579
607584859
812743666
982222524
679806310
360524700
291958037
152763589
411101941
420620959
138596539
116523315
356427827
912762669
426092296
511276207
875786743
490125014
984949144
535461144
212563695
467289908
361995233
900226081
746079819
206339319
298107881
305888667
923568759
302600317
610934831
347884879
100148415
818797214
457448229
244501039
22362581
149367646
369698644
942382238
333629906
356800459
768199432
120284026
804413003
988100648
40679392
545259026
180239969
576206651
743142287
835344340
183436783
949917138
908984467
786554012
411438103
686475089
875007063
751693489
414171145
297724140
304742266
941382831
431507065
456788605
751694433
501270430
624751521
712134823
854118342
339209500
912229226
599299869
414322358
950957549
527618644
431899539
278520612
142235340
68200200
583579668
591069580
385033820
778714382
311465122
576328439
805596092
347891865
554563576
673254089
429547033
572814096
201718737
846341338
184769739
657507132
233253607
117770581
647550406
425145426
882238579
111406524
115720213
576442127
273234247
733518666
603147120
983408905
630447639
290014925
728126306
931360817
194890249
479779224
270718559
514814615
182504756
499605647
502643556
734953434
596548660
817358276
735624830
707469673
935772152
900408967
250737239
863122842
272004961
899179391
754573004
971597641
14958431
947312792
14923158
394914976
999020552
79811143
627439546
875140594
486088349
386225658
171531336
948751290
267677841
342537658
3328353
310750721
169891
232129836
215293817
79505650
56584869
396060277
429020674
364518926
253086360
394152907
702941579
404352505
125991314
334119554
804083553
975871034
663974592
82271861
256190744
26424988
622612152
333008344
647352600
615722618
491537025
246220737
871889292
603592969
137910526
82550460
837767056
947240469
725804974
220526920
879488660
112724723
128729229
382849193
148916077
253109825
20234928
640771977
198994867
885689635
882416075
449685668
212798607
142440862
264004657
292135291
164184813
103902717
544447029
431433452
781893439
916186950
738912096
200271598
26104990
846628164
34939577
26240428
408164589
665641306
518482406
462965796
538460089
300521971
59543175
691126378
644298966
483047664
410184761
930597195
119306
743626430
469421898
736762540
62564618
428854690
66291673
749828722
215966307
512129392
460466484
698974108
719942463
464511317
448847761
440468113
953902925
639118556
212603959
873208542
714355764
770267811
317830612
414594876
518289126
696514694
588702601
954612192
69245825
640495760
453797642
814722
109122790
297036980
639002547
975423160
272045099
409093730
709807434
903369135
994708212
247759811
633938987
902738345
287981752
890938542
518572660
953596959
123744288
433101571
336682893
485429722
529961
432417240
677872700
929608429
313491706
912254976
467784441
831774896
31443406
421979307
640235818
589530644
976637291
733378102
570451981
554528579
490377624
86854860
766354769
394049494
239048909
618866630
233721882
371267603
616889120
593629590
10127246
241747043
374798324
960508501
113871996
737376214
706015678
3426321
6505061
368314101
383548649
344276405
536218981
459192519
164214421
752366102
860441383
499923836
749050250
662904198
943142903
673729850
684596471
71117801
564575957
848458839
166907140
995366362
87809399
174992420
393202654
492150473
188363415
693672410
716425974
865077550
690121119
938936910
770586514
71152910
895840437
949843759
838265027
480939137
301574601
387069229
305702703
722226288
924339184
377286978
661272128
351651182
113221827
854161100
279786887
438352833
896310852
453454189
63048458
893184889
916131075
389207239
350671995
671099882
573988818
980169636
621157616
727302762
368933955
546971153
320671831
822850542
99941149
270964307
265638958
405394078
203014702
51409372
476178995
869871798
571034175
150174026
109188971
692768475
505743671
648919405
507319787
352454285
408171962
523851393
468609480
645052236
682933195
413644834
293040693
945143045
994983699
516509237
54056546
730869186
979677777
17848169
595672595
832135702
210914175
481886304
407766651
931453166
943528259
153918050
573042113
128289786
995272297
28291656
332994603
408973649
256523034
703390510
193542256
184503437
861250524
924172971
684355956
550220070
24142424
566074131
933660851
673913724
130470221
624755789
422640881
396927534
436399656
448588668
300986755
64612953
171499233
461117571
921571555
686858304
890765632
246151727
20749937
328640546
441438889
97351441
58928635
709960986
157997847
142583125
294884568
535425638
123663780
502295305
455670498
315870267
516639237
916855908
734756978
64475261
797715796
454911747
44470584
717041427
536682238
129927601
662870864
385603103
460551264
943155096
818080459
277968087
575811233
427208456
849020292
336161584
361809588
892460401
279383026
829645268
862067267
273357016
859415146
434411174
13206480
717404240
287901045
244620930
902398819
804820639
225605586
961684058
949892718
915386101
56318783
245165110
221521851
610923947
330753919
712399141
630869836
103106877
227408764
297092986
719721291
45718535
561875235
681499595
1319798
142907475
977544815
855635431
29409189
135218681
143316962
599812483
62815557
892671826
904736044
962473029
451215726
143942938
74539325
435193108
571399909
380202434
530216148
789133759
233936731
228521234
48372627
263744409
289822595
731908411
530665430
173390702
301205965
512074522
730528736
390901375
177128144
656162960
506589500
14886504
387803638
562392469
675898394
19244233
664396309
171230607
555418410
439951258
525731809
110072486
393453462
582320144
897471649
323943531
296766822
516659750
217091291
151543748
835252837
774519142
763436285
667391271
479059122
957312601
652373267
728932311
684862038
1894165
491816463
960196842
191747643
714326717
567157512
490906491
702511957
369621658
65468800
611292412
38568306
339762401
183577221
214774606
529034359
130227856
4371337
378862987
906161192
509556694
355097119
974997859
529706050
24458355
387279433
865857302
390145829
209303982
404014782
632140975
593551629
841963778
781614001
3915036
475941938
163614360
134328150
63763292
17091227
478394192
234461833
18402234
403621115
326340053
583615820
254992080
764950753
94890037
934299186
309638703
999926304
40076674
357750112
118804224
56371608
439105455
352888105
268901675
669048398
906492585
382630818
926050430
864589256
368103313
960927121
111703348
715282952
562936429
224495201
61722291
951681799
769528126
327516707
793870362
744258850
276264762
455954858
756659409
654406821
856824614
823884053
631200574
974757798
400122778
536064334
38544704
188120947
953496777
106015990
38814275
9880512
910091826
679238253
206048916
163839896
764193012
952369110
156618456
447712759
434040068
550232666
659404855
788661127
299092384
908649722
905830516
600938094
294863914
645990196
902894289
847728475
661033137
552262917
282899398
802378574
173440501
117084036
623866067
486553458
953943524
354335091
556000076
994840482
263774323
209211814
376028691
544592379
863686640
855027657
26029475
823394590
789119061
553398119
746878811
845117775
916963561
655039645
71584821
6675486
280318522
472913362
735124487
788122375
878187234
769338030
250108270
23762335
438349562
960342050
903347095
946006522
506040055
448720240
748410610
903669062
390018285
470319724
384601387
778375620
761892402
200206642
528677305
424905064
396734087
784403315
542835996
571420725
745570160
500495076
716041661
718939021
740152692
97146033
761899737
63562070
351079300
397719900
279319141
650618687
846180446
858427791
834821126
831906794
522606976
414292244
221828302
999288256
361478494
928265624
163750289
809196118
74485189
607568599
803784495
251933978
671147936
771909005
418280867
610439362
162490101
722834452
447921171
513870351
381269888
175590573
892403224
635160714
475436472
593839554
864470525
301172238
607514231
522702375
772038413
557787016
851915204
8817918
683401824
525350277
97161300
957537184
81222779
896607595
717119185
19308571
931976562
253363229
846632870
650349773
221161362
880339818
386141311
687249937
7977267
259230899
510811668
282901514
98561562
14357601
411905877
551179490
750553078
182560821
822889467
423955975
493868290
119088887
344986838
900940720
131246037
784962710
125850005
560995428
37414220
383339591
764200336
488493951
497972385
864213139
249254774
276587832
15284011
767245170
631618557
798288357
620725639
132436398
936962749
787122213
480981230
12924493
570383236
210774424
264520121
822824071
724781495
134471434
453955818
218165519
60575834
129231031
209067675
63416140
282800580
381821333
816467315
121017817
558925782
655284652
9298585
146476625
667950238
274232438
645198373
621833755
639377848
726795209
917580125
494901563
151576960
105095186
754791286
759777792
426129019
806321458
477242624
230836771
89986986
530211781
247246853
97314745
641033153
342136468
240468978
579565592
665923587
507957064
413759120
165696703
928389665
495835038
94225150
979235626
194240036
858397282
98383142
728683862
774253286
488775104
440415332
148849110
566911179
287302461
844002435
428642995
621132673
642057311
880212151
719678820
982960148
10470585
877744644
701452200
509473521
83876337
814748133
958241956
219899714
441138776
141590673
596081623
812793759
393083140
793658954
331268098
528750730
277565113
333064354
537273459
669686358
793867599
642440992
77347247
446280020
363561703
283251518
913125709
863390925
534727144
646695619
676574426
323826124
393258139
930853187
573556162
125195595
69054581
357485782
158964835
91821080
526294305
586442812
260741112
511164612
207843536
913005207
763657959
565939465
221738223
101304808
413772724
542272725
930943255
763843795
791716517
827965061
845052688
184187845
930275015
445325841
788580549
40403707
487335178
717884836
760070832
87997341
313530991
680035412
445623832
293871617
227628174
475875139
325642856
685522928
812408837
761497764
502883897
855516247
938179726
964348142
629135075
825865465
985267970
474427296
301333541
583353452
727376141
12132618
692091992
458617428
634012076
837926864
88196866
606873576
13672425
749979173
974860943
224743321
566921360
250054130
349620180
596375098
615268313
875401748
725634480
385330756
290076012
505626224
711866154
896242474
449459852
980459053
883640089
559742415
163079451
450234365
58554999
436417624
130020763
70614402
536211820
925979812
758137440
154738447
729401509
416053638
456517849
507385644
254287227
664209303
754139186
669039527
202675910
195951028
122482530
177795274
769194697
612223659
216203020
6524410
776015941
43383381
750695152
341113498
639766975
589086697
42301656
691080339
863304363
716814852
284547275
854167978
16265759
52548343
106802044
729296546
577993949
431239897
104111481
564095003
615402430
363651640
327732874
665123546
199330897
987264039
665214099
517570415
271965284
638684813
184335316
628770913
655924936
974963009
309260624
744991505
866308345
752197850
912745660
260981601
990012774
141440563
728664312
807948947
799690577
102701398
121553083
735543839
967417233
55887013
623979426
555445723
856968433
161834421
793273163
306602952
665251027
322664253
762416241
145383728
690151042
407956528
426503160
456059606
117706962
969171559
843827319
994017950
281819386
522085555
214604884
654730040
81909207
624295784
97522221
204421907
387851533
62060740
951579443
273514434
250846706
673973516
502898500
773297546
541598498
603864152
590779188
374762243
437942504
894840500
305843087
987211706
537939081
51056838
216920979
446624172
673667708
531691874
140701860
506818253
987210761
729594680
626380128
422636571
905210823
94746083
855912374
917680643
58191164
57995226
400338175
932234533
946229043
176390510
700313342
212382379
33288054
573476059
716439162
286766043
627517233
93224795
871583025
141526899
280567813
110009402
750292049
956371994
276203757
726430671
906501793
237922372
169460969
643124283
746560296
450151502
204851752
919073106
403328772
874840816
463359338
113305918
506224036
833183672
551112862
259804717
990955954
931890309
149734405
167527919
773163502
321730499
620199347
307840625
998334817
433178202
933745146
786596683
86940327
301764634
994531740
915609127
580077913
403904555
585163339
379596527
248016678
876700029
907758278
405173827
754482147
191324373
125197606
547168752
639737096
478604155
381444894
830502776
722491433
983905529
585914011
185777404
115325391
233253824
788644851
162103907
447030743
64251930
247622590
587836967
399380564
571056397
115855140
890120085
278588554
933986467
203535362
796400558
81222097
365035896
1312137
820871577
724057327
924067351
281306408
84931979
547006086
547461470
831835166
918043264
864488253
492360013
58780165
693859369
170767126
582682926
769007874
347935812
753338556
598694598
854398183
687149549
338063349
91266008
712941008
183328297
494361393
725850808
906454997
277307702
62474494
909530348
470456124
298309105
975235586
968420445
160716016
839370416
938389298
984347390
842505157
768272426
520762372
484934885
309025967
840736920
238169821
972895326
747340320
395378743
169414241
411722809
628399426
838385573
606384260
487858367
580486981
169125644
504502474
759781495
490643653
288350318
460534968
472629615
743757158
89337241
184818929
920094232
101788289
703279562
743469350
427276168
225596648
251031625
283639287
873379317
498800621
745113165
379900544
680439268
108677078
397879362
501635622
399377328
361371193
451536398
29992708
615904296
96229221
157285227
569994186
901856287
279363722
542330654
810050448
872746804
374234143
795048655
668802680
277275376
725596775
922736820
210954164
889941667
865448392
581944329
530139630
756563983
344704161
783726485
736355843
357966169
228981339
242753232
735033152
518018109
293407166
591789804
428615437
964733224
29465374
819825564
609245522
311557226
690826933
92248569
107407079
494597577
916747639
519870216
110678916
335240572
302576462
818108465
858180751
480667423
155698478
945176176
949557362
103141837
802762124
297936669
296468940
736075516
43938946
274114529
351732038
483461225
483519729
938481894
896392124
546562651
960636017
389483165
728420406
796629202
194545635
443484377
888895461
970141178
133020748
909867986
699026579
758424034
211484361
156533773
124988621
498804372
625743920
754486940
428543289
609497078
543380042
738675503
485217996
934248611
842851899
972757628
711003166
66162994
214971603
478126834
487350527
161261999
997409571
53804034
43009573
436173801
429935880
912232954
477228928
445544099
936242089
804009969
54125918
733786576
247037434
30613872
755271212
376152821
438408048
971860789
522908267
217165262
386706912
400880842
888271271
336286479
594689344
779886558
158218013
932427649
922530321
100305174
804639292
185663573
504869121
173373179
668849277
278712174
273043241
797735278
921917948
563802477
595574874
509376439
468342252
291137329
780823946
506248445
122510163
747107386
890903157
76675829
356522257
484901183
740914749
481904338
326782432
741961928
191348158
710932484
234523201
43346455
381194787
58554783
707451906
20025208
622619225
836488723
620376350
402474818
897630970
414772844
800617915
982621621
831236924
16936585
931681803
212311168
618529882
916254509
706750330
797349736
314165380
50856229
457157246
766945462
12109288
284762752
756161048
234889429
185489461
945407456
986209875
883615063
1377017
996214859
737268509
833192393
989241401
58151912
108759873
231296172
485320792
770855884
377941414
858443493
922861137
810863993
290382644
105399023
297172241
98940039
90644991
736448615
442559569
320243745
231059818
462321564
745644937
166120707
923525325
223184541
87486917
597528812
941865905
583230922
589189963
888620527
144135634
763631305
119075549
771813252
725437891
107514792
10041252
868997754
666423882
481406837
713314172
13233403
269985635
484698031
352426297
59065586
975005405
468571576
101902065
403167231
770558379
931298616
391608041
587389100
767745178
635572033
329717776
195991349
934480244
285317413
864943787
214212923
422825993
711075412
876285910
382275763
958737862
654676783
550048507
571897756
307742706
159163905
79601381
370921066
285591021
962878680
831198199
265647679
56362811
245309752
146318591
156959919
465294405
310721681
240641928
240215204
554394582
65514474
812236882
291523729
910364394
898044306
248927236
403159712
942615576
340994515
310456238
333828667
615297072
51192454
578443288
555039182
497079476
437233785
833520613
962545516
306736011
430449863
613331841
413649055
705706233
867110216
231251842
168831601
134696436
590298157
220723933
349198771
308041601
94943487
934033638
997083279
365862260
719135716
864641948
556750917
433339291
638850946
736026167
209761747
761209330
417178623
556825895
158679215
172465210
323486865
71791296
305786140
38267270
620264660
692960610
691617361
29396350
334631327
223111470
680230256
793692615
881763932
392705764
245662306
81573364
573865023
57347368
812783305
417055328
962470447
196019403
703730536
650353938
719142806
934690610
864888752
287469135
622827950
581587937
199947589
341152252
676939279
903970867
93773119
939673837
875477611
166190052
560308022
767535469
692532722
407956583
769835945
616980418
420136108
708901459
79458842
768846824
49447797
540150442
41182141
491392227
934972020
24637592
578228698
627643381
929096216
481738206
461227674
765778889
427121237
441768189
973164209
838254200
631898551
392773842
344653473
964683369
214907570
909892942
492092057
332035561
485663035
949906059
89787550
474110464
132897603
669293704
751114805
2687038
636808363
708566725
110399273
171422249
560141234
996082450
342733456
220522192
269868912
448314662
191712434
598851724
510178480
178443579
495677498
764134556
99058993
270541532
896373339
477427152
693108391
605813407
714148124
27833795
422748753
472573720
809694150
104251685
56227195
195260313
539687683
943261762
967866226
767358078
51023733
528340699
120111299
639978210
611532423
513738774
197634315
41157250
594877132
756456401
269390954
308855387
650808031
296818757
828690195
567133362
41107282
335301563
323299267
598047437
45269653
256277156
850324176
928445546
51534808
670967650
480165023
21588038
166238790
418602278
129098939
63948907
801342366
503852647
722281393
666702946
39616150
239770279
112361916
604023188
347610350
331179306
603006331
31206105
724990543
80658076
827129071
175318827
865264054
98004297
2485088
510847728
500001589
722005958
825029403
792595467
461724454
223050344
982042467
620709888
161335260
273861301
467066648
74182496
565032862
899259365
62979944
415558121
492483807
3262992
109439157
461389353
915057612
368405452
107502785
831189129
747352705
702589202
566268378
887885382
246913769
43764573
183672671
443117065
512812570
595813357
772448494
650441407
172259475
376154894
699851311
985256109
601239424
917681032
717939558
93164624
366331901
580655794
62372171
452309387
61797715
591232814
262740726
551668851
930104428
135516912
27568922
972004155
164705396
296787586
963869607
202633627
904583375
705381419
577021696
732562813
195619816
140303904
314003544
918961287
336908583
848894780
588200772
573927056
670708597
320657385
762241866
746390492
252154295
208223001
825643729
691155726
449387257
698622477
789978481
337597961
2743075
986876995
467746964
890290436
915730411
299915939
931889591
96516867
163915011
321825451
27113284
47565300
794643158
369152758
598986213
306791791
543474682
633859637
572882254
988721921
295855352
768714156
566739115
719240267
961800176
647716290
476457664
120478625
499387158
220837535
882676875
875976487
504656472
869112252
990138447
359887975
277582659
920760346
993589125
30671649
147876224
919087168
336834277
770764591
549645672
82274530
271725031
634739953
315887266
141446807
846237816
900853230
124072845
12918632
260091263
287824651
287914785
231585675
171490719
122155728
461258375
433636330
461922528
819526614
971806013
798805962
318484529
705650006
895371945
382113972
629966311
92144925
331099423
675821453
837540817
563284629
350139256
733424337
400468594
702990549
287346663
919487754
571482126
571314525
318225824
280468889
863318722
908025871
706146729
887558925
850503567
373736288
900677884
993499853
903968871
930945382
33251990
404600610
525595892
231659777
961013923
487136247
823851217
804246262
596192300
609706362
993307738
565243816
746924466
376124573
454121183
177391713
416834013
623094133
683351067
890072840
630768879
873466081
98541130
213469444
289339817
119339404
488504892
408860544
729046081
264088559
803971969
832138754
859694007
463139859
177245567
818361552
844472245
200795875
427923189
105802958
669229706
235660853
311676498
839784398
527982530
825562200
956835228
337255972
234962919
647297755
706082000
765762839
234998186
677858019
302596477
83232114
76514649
743738639
595304585
946717359
727730006
420245178
451374091
601581292
624077422
608220384
332104541
641009970
961086300
205812460
912364101
571304007
274693764
321110761
923005294
837725794
200956621
539549330
981170853
132164833
147314998
489625785
601823507
775343505
904198481
204124780
248673268
837921064
267004641
530763331
525303524
198341679
195025917
16279705
756767070
679592472
661278574
128981477
495249556
119953584
573069620
400501026
271717972
837225501
808948221
680521670
881919955
942024365
222161054
847214141
437427765
46485501
200471262
76164568
198075662
570914644
232527487
787908207
115337779
314829382
726691559
493721965
991121082
239712086
792335638
102048492
522789991
973690500
673253580
862054684
861913824
467511990
585477246
805900304
37512586
36200343
637599662
773896950
209310804
153808026
863862755
115146868
347787935
123735775
718159779
133578148
456731546
480674722
925178936
293292624
416557746
426457470
222728421
592263073
577790032
368526743
678509495
251575440
939166189
856359421
740118239
468983201
757980076
45683976
172939253
710493731
86086670
912861440
809212411
487729372
453885008
523116649
425668965
349834499
538995799
501908111
700474220
322561826
610185864
414595245
808286572
808522837
170660463
287211025
854197548
286002996
459017365
865740476
702626864
238684194
978018268
974064758
566059706
730514169
626427840
85706177
269568973
446705664
336256149
497223553
756195618
568326868
775012208
228160304
253986966
62086577
165032580
806602073
803867481
402793232
794634921
856028262
994687873
173037692
382527476
805840823
223249379
333454629
346433159
509986335
485412575
101147151
722591941
264562590
973946020
941103337
429887509
966812367
551789422
520816176
844767931
405849411
860033783
730524918
209561997
80440575
814377644
144244598
460565216
276053063
768504204
899501367
502752736
180656655
743324227
261470055
177210457
320260477
514066013
609347664
259421713
675185393
731499939
120081370
791795398
898966168
962247375
25490695
526589362
961656707
898624229
73137561
246647304
491658527
758327438
902896998
183189351
444121827
889773221
19562203
760761021
502190256
67244024
94759461
766555685
101622960
266912523
675322591
656498088
869124455
494646443
433461190
713762782
227434455
119160032
713847077
686330578
367177951
617910092
304553462
79401830
837692929
87102877
351332190
968311545
253890499
743372933
767709877
796402194
951619181
628436281
780870324
454244085
428321514
716889589
529870040
393242967
63007758
870886969
406327958
92649349
858627571
38221513
258108208
340248658
706032213
548925499
963218754
301177297
916821479
171468573
908451708
319139633
612033029
960386806
641325916
324198794
824185886
29925927
498575228
912680421
452037180
425279079
27412775
991907656
936766236
806395006
218511839
859723175
21137695
830193849
614044622
4388954
865333668
704239927
411116330
930958275
305033965
644996367
352863701
325927169
286152825
15262959
520770298
390462550
908267675
377119677
625222834
464631115
681612990
880567235
892453402
209124665
746480322
156378932
496250849
752920480
708988045
308642610
455690304
535218186
434575071
872252503
392578187
489177861
626569645
283572519
731941024
197967993
511577673
453134553
853307239
516355596
95984007
358477614
694728994
225428236
589573811
129910064
799816833
443663009
8932625
633597958
663816466
408575665
285711248
89995889
185244727
917153244
33297646
338467196
417721961
990437025
88262993
71486662
513513449
16165690
494357109
61895083
88210121
982407968
744589426
503047031
694517471
698047546
49102068
984535912
312000250
484759533
816672471
672526674
947332102
789437681
712004129
764350044
818100680
981702248
624404776
186252757
873144393
815383995
855391586
211419086
856362140
615608183
992927985
579096652
112367918
726859153
962031915
185103548
432751151
565150318
584420678
290607633
740733861
191193857
168501335
815770235
301223850
308646170
155828998
968223263
721241019
135499607
351634818
873473064
545448316
311490737
163532817
542910736
895274204
969149724
403648513
645738033
307859082
537171741
202600552
362305174
585597111
559374312
696679757
91883193
88386454
360155720
447390756
802242310
241532847
460401379
282830242
838575890
893392817
285384188
187484324
896407644
944615345
479730578
929421299
917774300
780570137
199497619
950152364
23715707
779911460
896400283
277990808
444018064
775061319
786601266
383515063
97064331
305864108
424672758
306334359
395064980
520413413
18382102
720352382
286694415
911791821
638476543
997080666
923865693
329281117
683240260
113982074
361438036
237043358
626874905
159521697
696504131
432927726
424973434
982068563
64218821
878446778
797861759
737416365
519660273
553665301
525532073
223097643
696065112
918635865
192309101
264112409
452086258
276109656
233940243
510921522
782894731
486734961
463305475
471892523
267377084
168193413
660430519
818221866
443259255
53352607
66630464
671507324
396653425
669946687
341258237
406452754
862232044
135799567
98637920
902927481
637336847
203133654
380973769
188968405
641728202
719857875
877155076
365745400
12943280
961526592
766597060
44034977
621915919
874458019
645800737
157175632
700389871
435505274
211940773
555236228
168827902
225000328
325431727
126867009
792673787
819378502
880647441
412120023
582920673
973076868
796593636
886490093
684827251
911571392
193722288
659994849
343674794
576039400
631379293
91381979
142040507
809567240
40731259
685379414
295678603
275609434
584105688
349794744
824948022
216196924
943143743
994167366
293030258
291032797
7085179
896078034
299443521
826780359
126289735
642640663
491607969
164872537
968566873
714743165
605157337
399745739
924007783
812077388
481864337
199360491
500693306
624935845
152390741
659343748
454965818
376147120
974337178
388652184
163981478
708633591
54420297
622841090
672478654
396618415
170562239
172440267
952306091
697233137
398578645
881265849
234716746
93471919
525272117
631223977
384386746
726250840
297632032
904533439
511373365
149563310
603403217
832164245
997355123
834680926
179752032
27524505
122092305
737030811
916710376
324218153
280366794
870581371
48326792
611203197
855295204
372243681
131796566
302808305
18301233
679767976
509591856
524292255
543720718
932233195
398580324
166887016
880297130
888044221
353951652
171453725
626282813
613830169
162646588
946557591
925433312
556401279
238560338
213601158
874516649
990961959
376399140
685545291
69681392
361076655
454659230
627169806
32802419
582444084
26771532
530569645
157836689
348217971
97349855
373502053
750197822
513685769
552858027
967157430
914617128
725470267
986312896
197918337
644931095
919280160
679096787
72729483
13424898
778700775
135655444
503975140
125025445
262134469
707001292
43612784
147261893
480335673
92966476
281204828
876987831
310936412
395191235
935903318
787339071
53546916
636457569
51273396
341278435
924496928
85214384
341929334
871177474
258231699
590090860
64929117
24819013
901018824
674525811
65928160
