5053
346739151
935261590
10835482
261823597
840001995
707447490
651278787
723923705
429891269
58154314
988602797
270363482
118004829
268884313
721369590
565548134
92350523
812814400
677382675
939838160
382931160
400628059
167839603
58334930
416059300
879185799
228325240
495765729
700413801
612950998
405863003
485117660
337658545
667355036
751426228
873696076
581530354
771256067
406486603
929658256
142133886
607981815
648756301
178794382
117759715
989345697
926204910
494389079
379072958
652322026
259226589
306752053
587516644
992539300
91708924
113942217
957946690
282267398
71144071
31918436
795151913
750028962
451998257
303717104
592625119
464014062
703548979
813435436
271390809
558415271
217897400
719474620
407774760
962314068
700789854
561108399
625353899
205321237
317193614
568902838
375328152
939314806
500620835
217831711
959163940
850229735
264823257
674942466
210731291
960604158
652286444
652507406
230921898
617251821
263196125
939931894
957816340
884571628
650591529
342029091
245858152
229278259
87060069
62759890
259645128
153354949
347817600
586616241
957528856
843806343
782985954
872678623
866532999
217002751
980003449
557875789
726863592
307166109
601197678
651696274
120423486
328286867
891984139
395415866
523572935
580665557
936857196
546655489
822914300
370467370
561102851
815839836
308752206
766400847
794247242
619264921
861681698
300866959
75707750
997646055
305056305
465191285
181053912
329771465
342394136
940382124
453697941
244504794
991862833
571604201
649829627
600679478
215646391
906797710
790133031
990326259
76304774
460778919
621503736
399798333
919424715
934043057
126281976
707121424
252189244
896925711
440668415
973529159
758300453
653596121
975759730
114101070
504128142
34900988
895235594
190320413
207106855
35694727
692308854
834837402
517008534
259460182
460382293
628217670
53910926
344750846
678292908
747603511
522919008
664626307
591380710
351928125
66261593
253275580
277659598
633737046
603935460
761890391
926168957
439573011
546102758
715232017
790469642
579187714
736238732
871586081
530484735
604030112
440756243
563931800
95394819
93903320
653553384
975883883
257508832
153385421
236000294
125440756
226264444
676358646
550305039
153372541
870452464
237898601
924989004
961026708
907978604
906128640
163881783
327536209
24812039
493303745
830918438
757259491
524715391
911246609
813427557
477363870
706169495
310852531
974850822
337807659
814097371
769080651
451048434
456819524
972893783
219447963
311086867
899751633
481914305
257996523
414040660
770453022
126628220
107772934
782781894
777378118
545474362
4482672
349777530
632234878
263563110
80440776
759754299
996295474
418205746
223944374
120652693
545147011
624592728
630300049
396822848
355715772
564553866
884215853
811124642
602098336
351815491
865310008
399771287
713095994
942304428
529320531
907458905
177694656
724635163
333106628
923884670
213850005
744328317
146289876
196690166
851844345
640705188
929835517
294125921
118217958
556311179
133457669
216791902
584545490
729962673
481213945
859832651
578626101
286664615
331412016
917677117
647809033
899910952
121103883
476666725
286198782
571855638
157632762
4563318
724602836
59261467
983137607
621586873
953910807
826612439
563814789
940096460
133773030
865167204
97053570
899374038
637837339
693651039
822004679
236636787
897242910
388383709
684401697
356535969
785194933
494984518
496999085
744098936
313377212
297564130
576202576
381491349
993347203
871641207
782645048
733772319
327062707
346248419
160434958
370507931
737386684
942390035
163047232
829509381
152346917
121880558
275645498
26815107
581084817
365994917
908480793
337287740
409708689
154666916
335322464
928851497
644477270
660609579
251188727
538573020
792410660
920802424
170433681
555062727
126186466
346038877
99542470
648994093
720139844
585547282
243192330
934063178
569107989
792201651
510722625
471612658
113236466
174847655
598706977
427792367
276775639
322755579
235867172
206202462
67996200
574135169
608704352
27495628
785115565
204947123
255649064
367303478
38947539
676489459
526680078
463621977
68538383
798828009
509463805
883229341
819901062
563148064
657598341
424656482
193794471
11381419
311252945
903688958
695561005
147433836
675122510
834883443
588124206
42572648
91884095
123514078
824755199
496186846
903973190
262523615
118398928
805713118
678741641
119219549
868861391
336865677
461414296
751308658
668714677
282166073
988741778
81278633
984826940
701887485
694857523
757374803
603062680
976579244
301291686
477056036
963140363
756179172
914552406
867717738
326199603
553866043
402282579
706735434
858780846
719774299
362857016
332119954
2069221
37550512
915557639
576538099
899184269
308019351
615818086
175144090
689395291
477443921
782911573
505125463
840672201
353291406
64602203
118499632
394569034
169896098
16350030
288732052
751631145
3533043
42630171
399697579
950216533
555133683
395743246
300763991
429171020
875139310
311733889
928275658
546603440
371879648
98004077
268056441
954874316
675301723
494021139
860840003
306567017
784159848
173855297
576183726
595432599
238719385
555373747
310556826
906813814
84922439
207343616
405147781
897264237
93649795
139253613
25232601
667158920
391583303
743444775
108019782
12721269
789004835
732054320
354408573
65836455
313290733
148508989
710187506
161888099
558213003
889701480
180981824
38650333
586167681
425012907
43617443
241665131
189764121
826156339
630979319
249214487
527105017
866424300
106667469
700619477
140908829
393422498
83991495
192313932
905656139
41558294
872755607
452327102
852247179
528817740
319825440
526119114
32187928
72173362
285809971
581646614
973491207
775713648
934510189
219809663
262771193
492509472
639428771
745466552
144452737
2744499
621258993
235396856
995333571
30002375
561627651
289255616
992729977
128190622
221407661
186678919
482626116
431757074
501096334
59927279
264757461
728232093
608623214
13164897
92782149
182037391
450751730
14748267
482378008
624676478
312972064
860853963
214548775
898572063
894722166
796239245
740948068
364662396
300513870
526023432
588161282
547459508
68893984
867760593
39848931
918106869
522344750
558417651
598387745
115025273
228739666
85228556
811580269
175349716
632127803
208934073
162215632
880469744
93437107
342540086
521534149
866608267
694796885
49533677
957603106
413710392
407243814
102134836
487893038
698074234
255556240
727756874
410821763
359078381
232065724
307728232
911751640
218951004
109207630
512206066
117138069
207143935
196727938
914233299
763499911
80038400
951604936
689202130
985054754
543168863
743413951
826529272
215172596
397819196
411176000
889957072
753014356
667958639
331985126
815676461
513434345
330001638
330510531
298034269
997755828
916281726
181719728
980751149
692266522
173271188
132268061
465210636
336790919
693298621
713343208
638200975
739641038
544160834
546888548
641770323
856545512
279164155
178711170
797771695
398540567
207878871
921397625
343767060
992967230
93430544
420758513
117260587
5648622
472621783
795723347
989385129
950224920
630115603
178770588
693459989
808815955
550986387
992620302
837127525
350236306
490491935
7460088
254691394
541968695
915507459
182100566
514567647
953610766
129425405
496403960
665788530
205307452
41176374
465785358
400253179
361506977
226565760
361529299
393740578
560462190
35667001
168260974
133728136
169738563
625178767
852652746
861637760
584568095
878363076
52344366
797760051
765160549
382229674
365488121
844278785
163338347
734297880
722751566
856707904
266477144
317541451
978494468
707498732
403658914
530814354
668859005
546268739
512419315
312605620
144246930
977792795
224703616
721556837
604785503
14948916
770680128
763525712
279082548
945637167
175842322
746942339
655850002
506687579
799817531
706208637
919809851
847624613
561392343
251134977
926813202
437954319
54855163
306828207
836171304
308009700
785315851
905818330
803498745
181587072
188174099
773680880
262845225
909438125
599320267
411976110
20707934
722063233
273849709
410341561
470770696
984280716
295538608
904657373
471390351
89366422
354869458
975149889
684419619
213420211
503971167
965874732
591501375
161614084
282351351
450227126
437574638
480520177
169427240
606228741
383583374
200335787
954620394
425341714
179893782
541800247
857013531
157044903
726990372
265913238
304650546
130329140
18726125
862868675
261660549
463427325
313887699
758515085
73430669
640865992
13835831
263128750
791931566
688238868
130100312
734302507
114716393
12872153
606894372
20851081
407382611
129472109
287082888
715654466
803649021
755669055
989082673
972925967
300641554
772458143
983907457
886097028
8895873
387390212
540919704
69649029
61345004
406924738
238401102
896746860
639146458
511219273
533421796
29698666
992502687
5548384
618692856
764166505
191039091
847756072
87280113
937920252
728954550
595305611
771233841
460853125
735357086
496154739
303774400
940359518
910695783
897536980
902796113
507966827
438632033
248538195
151079021
58596438
296342285
338953342
308160435
86600032
785096233
75403312
979192358
191138604
578091409
222240162
590721845
586387936
288535923
614722839
365710051
584509774
868011867
897604534
162671059
581449411
886345380
399934331
391593139
958197795
670071540
181696517
113790460
76395897
774378248
626147309
373656501
547602203
664391631
505717918
836770111
293270743
199739005
493361181
876279750
764617323
888444890
122228248
72248379
484881460
436036532
552838801
195511563
110324042
266268893
656755543
863833588
610254316
788329717
650676821
379404918
261746856
431633185
259471758
749124412
925662136
698504333
721128875
550215484
878486473
706609787
743573267
813453473
497051789
324041764
638956700
537049732
422391415
1086928
917281996
245616222
813444776
438191683
275715895
419949034
686495886
88364958
349031130
400616381
457095508
900536534
192016379
66995660
587179015
232982352
883651317
522746421
639994853
823437154
188172719
866565760
711091811
259029184
198092712
770671324
420011384
276800878
69003648
396037885
384652460
370745066
349504443
696810842
380319666
983701417
472899951
527931410
799309968
995726033
142813487
443990078
174194971
502436392
758246963
609758655
478971874
812940784
519245148
594049101
543417919
56247064
849657520
535673336
647545880
75321882
408739149
499432203
21683375
652661330
643914897
96242905
643540047
354683283
965973931
858775977
252450999
801640719
31528350
756134616
425132592
401975229
217894963
997162778
189505162
735118374
804597020
490461787
826325349
722598809
285341447
89625576
649903069
611478476
6035410
598896382
33378741
582713186
429174633
219522947
506226811
548407989
65127985
518788183
199995098
150442199
353789335
616208068
53704474
855021118
375602915
603984214
511342748
577405980
287473586
625499139
240860780
49474641
482624345
172105484
601694971
936477312
61649878
128205118
833284385
191837669
528795643
711650042
157165193
943519877
39437746
772219079
238271469
588581975
149973278
248479515
233792127
524395460
967598604
317294932
858566624
301910576
659027701
136204463
889431382
743471767
440029828
637019327
242468650
96854743
485811202
229762374
205958595
326958669
224272434
753884645
747937691
873255203
803085224
404566087
314500059
409877726
296952482
971735245
674943985
91808966
355847920
712874725
76755142
404359214
106170283
97041263
597788783
209985897
157374061
173089987
877470845
483178650
92672872
22417483
973001490
140295969
571607237
93746435
852246647
391316817
436806825
69532490
241316088
784889779
13300974
256508918
185592232
718833496
456287715
341718083
12211931
323134819
473938419
596210264
205710565
297011201
993403944
124362597
469608048
835741025
12309094
581869402
994897486
59337498
147451856
812439007
202250522
980280045
115590946
382805880
813539856
567939664
401912150
209950439
714476701
441536114
541137865
380673717
503080411
986994344
673977921
824894436
663343713
115308021
476032042
287942562
83323442
12073209
380083982
437002943
593576583
229341873
300483932
670867990
83134627
105189015
498264937
650673105
69593107
674193228
813920883
727758438
850418796
460644107
743595458
363574032
654562178
52001501
225940315
403334036
340670012
747219580
740045798
450401408
478937022
191388043
923069256
760773297
289542512
995313048
121295966
999223887
805773647
621761617
262106483
141511181
985534060
378701896
524683410
795056543
402737315
659389430
770479433
694142111
487826664
13433136
977142835
459391127
293392764
658984980
552543667
291577679
756441634
895644775
836825896
20081427
647416226
378688539
801662055
963142699
866613857
97243079
922107201
886157853
412844336
494005063
423119610
839872719
414801164
609995853
662088965
621335412
182507833
376651932
551521316
929584519
82549212
794696627
578847644
932397729
559358392
69690951
916278976
630784780
112199495
471418774
150672580
252530453
617303054
609945102
27007443
189417244
19918458
467353574
134980609
461952140
121572512
135278621
958965476
297608761
256556251
16996437
797756730
219285353
333130615
129986648
516967505
323536194
27971727
765251748
924992864
929072838
46843612
993668941
319012963
516571292
330623632
916684333
280212938
169974154
796841122
413057779
712357692
168495448
970993204
851026117
38095492
171297671
420455179
755240211
709822563
367080570
372440496
706445823
656134258
214765147
16043361
413379098
967197538
981225407
21099724
446546308
478245767
679583526
255931717
645294882
66734530
507694858
235256737
661711486
456131847
460796140
942434406
309909318
603032380
707889499
167403570
28758856
338776774
319007716
682206702
165421236
599182535
235109941
77133047
814642917
637345505
516870620
630818483
351014785
394426681
758298114
36042529
14603113
691332455
820690736
654753564
386333321
787438124
303373629
436688236
978133709
106348448
827545739
86579930
281020740
392833091
167952292
637563495
610740141
998765015
80626951
367789481
384840855
962039636
843701197
39768403
535904855
691238495
708502137
205932461
382334226
57972252
298411460
712720859
359431807
169835550
679191185
323343173
703646435
55140314
853988916
269747745
324037593
93401203
659912995
652629865
29418565
501133357
701027804
575638411
66543202
678398666
439187070
562894786
181532130
484328498
304303946
850608650
350769598
753321715
571078268
83419821
356501201
612635485
266563801
941790722
885226769
174617325
733139807
30701137
764216583
292030641
328770476
964755362
930004671
634982202
245691751
703733098
938937181
962126947
604472302
77200126
744708088
621032254
557715954
41969438
906902074
678666121
909062287
943849193
58613411
773939922
811014419
85963892
864651860
655680322
391973029
942734409
520823381
805029694
181158385
418696521
330012702
458318699
33644114
778796119
228145421
717719758
927179751
999690739
458689567
925955533
601341731
266759773
957561483
387547682
412790851
55669978
15507083
884025204
17989126
332962709
928424975
793266613
496151127
682989890
209521741
910657866
82076162
293370197
383939146
552021160
21183855
601229510
435127535
378988428
228333900
695774897
191955140
575142282
36720448
869996041
288969264
682972611
18984733
523781197
112893090
819540919
863761800
760488604
741721159
363452892
931135253
236146099
871571690
53718694
612901356
836513255
594166425
893863278
149809873
334225786
140232392
418913539
925611317
393731614
306698593
782467925
416880469
209197062
190441311
255040170
373109319
842314790
590200511
339360390
310426585
867310989
690374889
61706458
935141713
177789706
688510045
362378433
453656286
578437960
148756776
256438842
733904187
995586088
280713833
850800600
654736367
889323164
254609518
414305843
451561716
213663499
995820131
797769176
162212070
890225400
156272579
925671488
557989988
194677025
409803984
779232380
183825801
661724569
878443831
430390875
383045422
794008391
81200116
979000920
146650261
9587408
108243334
387236184
556844535
191092245
417021776
129279063
219593568
576871311
856939000
538345970
754702881
425362717
656298887
447090359
555556341
547046438
566530187
55950127
653089601
176297804
965971569
164543842
609049502
763669736
241259517
847527250
477860195
181068262
53846663
976281182
354536951
609301816
301624226
178969118
439149954
800645339
112307662
740520936
100836533
342271367
682835234
453926391
736052993
907529844
450898165
436864745
874536320
370449201
801347114
933580129
639855943
806839463
728772256
495627962
854753461
325438241
196596536
951564189
459591213
117692985
860047049
58122362
692589506
296427884
426594805
382570144
718330833
579430479
817330690
499495522
641140656
610749818
446606321
362032247
655913396
964505376
509087967
54929768
487036019
794482443
179488147
629842584
535920492
55672429
913607962
47615740
131757917
629663713
952046989
92077993
944984753
390380074
481751534
760708197
336013399
290256935
6685171
294010352
571248497
995549561
27851732
866699152
641978677
794972100
781007068
865373180
73147489
515374827
980585571
252989401
172110779
814954022
744404064
400531276
99489443
126203550
631271365
755956428
536789029
215477071
135439383
615154093
279065098
64455753
56595637
948584599
767687996
458621130
360059677
46038319
120194650
679907685
973309653
863723080
736526297
997576743
663045075
413414176
672752238
75408556
239345175
234779946
401984362
280724488
39111047
313396328
496318241
707102071
759227128
926058825
143552857
251343817
319469784
836302383
241008624
342050973
969729489
766048867
349336806
375247029
542040852
445726003
187491963
39810359
807044690
263101515
764504235
145883882
298281540
643474529
566588500
961097027
154248135
748227336
299641519
988560914
615043332
127127534
510651839
305677564
443288924
702446486
98990973
345227922
161342086
452543740
866278231
527717904
564334851
857895521
878234822
456639384
550375848
393972122
862112985
382973646
669272118
972574724
915769217
197520023
607756991
711542307
388702719
806391294
984249777
385059386
438731367
483432137
334123101
917857459
348100568
29064577
299576277
289262833
854322550
124508268
629058986
781718910
565962593
587834555
82967186
10350830
373539462
302530933
606846387
709102887
278970660
961648413
276526719
272630191
38793143
737920413
118585936
821155511
203361066
668506160
932142763
155008648
544385718
697126517
139496048
966746040
462295792
16893486
121503785
411485287
76691355
194543804
408139547
378431755
250158734
803493779
932404694
497648176
802513063
110701207
577303860
219459664
39461265
890371314
354320819
213136253
984513797
74505215
440210452
782382637
590972578
791459293
583852478
918458947
552704120
804255756
894960695
20315035
976791594
613014179
349785291
594544443
142833572
507482529
145996710
231906581
305212038
399167308
186845567
424755043
407887589
340699802
574737692
349709007
31508873
423896825
434649703
270802475
478840106
35994143
632940650
611216838
964743038
887570330
407884658
934040684
863785558
878666099
321332085
353147517
633352989
835224249
858952133
764948512
585388084
265789201
816261753
610672350
212509091
832438410
322198708
938848242
254629211
168857053
396115140
925140426
736762543
399529610
555391394
802194060
874126342
36823932
630747284
541737683
920631329
481704642
902622524
964258723
217072728
887442
716827764
400522324
305514296
865854686
398730732
45387080
97597660
798472925
929083992
408606881
900463128
556673949
905525758
498229021
306351526
454505655
637832022
698845769
502639085
778383276
647338960
313343355
300101738
544362
793039919
916129032
36974619
271450791
642887903
263624139
675349501
297796429
919729468
832071636
222032138
482940030
878300909
838663690
881415865
644050887
342447248
145251804
409411869
249283685
737514947
861315401
810874592
701656256
325931390
805171809
453354329
998092023
556845816
13859797
94303982
908764906
880153458
358011094
842107632
33744305
946085268
175691069
437688484
397173040
935036974
451547291
482668019
255421182
746041814
934380429
645354245
438712437
632082906
667137987
628583128
548674110
790981970
874954622
117522275
199643191
250616774
95340785
347681018
74118025
799410944
426506023
490470428
985427753
193475132
867794187
972622355
12787431
955446164
373669563
402483203
625973820
38351081
395128721
165783512
216319081
216443250
206493736
61993545
488033124
971530146
329091609
829775639
103373979
241592692
555628461
486666641
152433568
505824703
996984778
412610826
224476959
891173731
566774113
866967628
538315505
726109284
823249521
605138262
107892011
747296813
885666254
781784305
439413123
341405755
913228179
182543320
274218376
772849828
749981418
483786887
255766902
383225268
620327963
900551557
791475510
352028766
436923127
898530191
430287535
925292368
729283643
916525531
941717149
715864067
417999425
836638241
990584196
810145277
153464322
598421503
375517256
408475249
57794963
486543436
352990530
902180841
844176880
797441431
644060731
175503243
76337680
371687776
920413870
803717619
969239399
876547472
759832891
569031905
28124385
87900681
785239357
564867258
545774626
725232181
451708253
266454212
250637848
687239537
732184109
642601251
423996729
220484436
226511826
607773697
637548551
301652066
903667362
679800280
691958830
940738713
935845765
479447325
115397402
19717409
956526154
678981777
385686427
806273285
403271337
475543080
492089628
927178774
694586314
415822921
759242652
520099901
690066161
886419548
701879105
942495266
221469316
800686252
464586273
201489373
812341106
631472304
749494497
334753240
239536602
625920676
103168690
894321063
132819398
16361199
205097391
946062740
981464093
21736714
361558532
675817495
804956711
775527601
353488661
546260740
354096301
899766411
93813979
171505380
327794682
414525277
419739770
616526868
3422018
842143448
200930665
337305121
143321548
541586549
401535041
473099142
463054685
740938094
107920883
575653087
276357675
117005412
457037524
90218210
487725694
504943142
339855746
942096472
408281760
746821727
929342137
123753278
490302856
505307251
366178808
535629036
224400016
275273590
482845178
730452851
839524496
70943414
78638255
487877825
195819720
702902844
715922160
266308848
999932484
791688123
787700239
566271912
525158744
718164986
444711460
860257225
716567658
992638975
114378099
880813738
621208815
825429774
883944176
691353363
812718627
504206570
708350323
216885054
322919216
820978212
193024245
296697602
19860382
743762629
745092602
600712973
606009275
750458154
66780872
267831450
291241352
831892821
824016535
951943634
130611460
522071543
234756549
250482097
496780368
3065516
524397704
140249474
327452552
489695960
11336118
673894545
140302575
61403285
979561885
535826735
808682172
909274278
551727412
761099318
564676262
728317381
444213522
458528616
220436687
60871180
258761695
831923458
29226431
644738117
304737280
579569272
342650648
701159524
177857343
685018820
691465855
275836824
692057496
467535327
692386365
541227872
452139836
181941725
508422964
917665700
484179617
117535173
882791579
911531355
903758874
743093857
729731040
947543534
871663259
491893398
707715332
440936224
559667831
967747753
287136559
353000083
351521097
305956130
453282101
524892367
529737852
618205327
916655741
214066157
347246456
456822105
207657679
863084210
699628840
747991290
376436473
139428632
694337251
791471877
822418552
369991364
57639820
455604125
274796573
320176571
332727418
783116551
67261548
660196436
526079939
736418395
200384016
806898681
836966951
483327216
438256263
528898178
488639206
609895450
564494171
551713133
725779861
219761129
666656053
686315698
319633768
780541982
653037206
367688492
822775061
609799584
319152243
293652277
911688751
200330168
994593588
559826245
479310937
975111708
548936050
32176225
701208722
889072249
185800810
872261850
684206655
69042333
939827527
739387290
612456225
736883149
748238278
536546207
342706926
450331786
941971187
599515508
851404713
547937411
253431099
722618511
546122344
303203822
871597953
438678869
728016662
378349031
166181583
259655750
48977967
641294334
467074438
438464531
600556354
139550237
852103011
775931847
203248528
528052911
393754723
83219905
386008106
160008254
554656188
84522687
637708858
291830917
963966274
967450149
382279984
613160047
654823398
974598075
838546890
930508277
307412038
606550290
454112685
530158488
110910678
954500360
15808327
832192211
81934112
430760044
263552065
957009045
501075633
9386814
235737773
55889715
532531286
502008111
38489546
301167779
592873010
864996404
876960940
772949745
948263604
632888345
904544422
996074830
853670083
947710433
183605667
948070986
369422168
528443787
909163167
883111956
96561318
713031459
126178949
673526125
833420442
892947215
298584886
984279245
221295637
616324321
477194055
894286376
132375009
3089598
994380904
80598879
499458453
65082205
866686038
725097097
951621552
421936718
137242172
367412855
721947249
802257220
365947497
521485509
790242348
235370419
17187160
81426159
809354788
742221718
121614756
378723305
738857666
457738430
664917734
826143319
293610455
22689425
946671499
944052797
912285427
835427268
333991887
964856383
882431035
183711232
675835529
851915698
505609812
103967034
158933320
892652860
682819852
953906716
420202265
714463510
372441517
785864112
292418958
703543622
599246779
622118151
915983987
941736191
442541764
426536132
651814347
227282692
652854250
704989775
668464906
239005873
733195020
845572129
925132359
734570196
648519706
195805730
911217319
467350081
751467304
460691838
803315538
242142577
328775739
893598585
48498943
603912560
366201150
363590823
912020849
767757652
133128233
389384007
558940377
275648886
137455875
207083864
188617427
756782206
926673922
357553776
600391788
695945631
349858337
157444522
33461013
94220927
913673003
890416423
415328596
500545366
39641996
254349779
719631157
236804573
374000246
23901959
391203111
214618441
311644451
349244420
965059158
786964434
254566374
811563758
793840762
437647332
776354530
77278221
137782884
990299832
881403883
507751686
116295975
163552229
255099678
618647342
903319352
973853022
172833230
437898247
420977124
151682223
763155413
403361845
469406464
609378122
368031015
621488154
252988568
577928138
27661947
336722344
224177036
508953327
407543290
361633460
531126582
509158433
464475657
449304615
711049948
271895368
560506583
644527617
986070202
173707205
193093048
519111600
886302756
223355056
258069777
197562430
451231829
895363757
113043664
48056030
346538062
887951220
400114639
700378098
32150696
392493447
301905485
705343239
988492685
813770111
981777107
721802312
728468555
323540150
374139785
504050640
611122742
811988870
446596970
946516790
422928607
130468488
163840237
576457940
207746752
897940673
295014594
619689248
486750341
975060970
611435959
785330577
941767650
623482510
717290330
743885647
55126465
975807966
717435513
842947671
870241275
988440299
878216130
344869255
889586686
111029712
62770103
943765055
69020271
386969551
84277373
536085606
768037441
638523949
349591205
87136240
97763806
734791565
282865972
976967707
169562582
638696180
225092018
237131023
762936117
627123510
974577431
126279131
269119924
677239288
781230340
386741512
428856368
293252573
90655462
830493097
988994458
690191861
566197466
138236720
957235329
206878319
370930275
749809538
179447825
847589448
401770810
715764240
767854249
703739297
270047607
224643878
540066158
871032750
424261830
544999012
909439552
763738540
534905218
211627290
249680528
169477643
47438962
396819027
833300801
102453299
10481641
38599875
310905159
350926537
927415953
631777442
731630294
230050065
478974456
255952493
334592496
804196112
408794848
758178679
602777762
342205750
762612042
73337681
43511216
690483656
945774271
430825074
984155272
194942051
230155846
299444085
150002775
493001881
718963480
888147122
300583897
437515053
27163946
228750471
206826159
645574501
39989607
338735636
594109489
245973014
62648324
59296610
329284081
726098336
985936593
725130528
749619462
505726156
7612848
843012124
343543628
406410698
292248726
316443677
985525099
908680094
565636788
147118616
782047637
698690781
853414128
369941775
422402410
386973789
47518710
745444766
52274878
974154551
710607334
184951333
513828957
388045367
554736690
447625550
631937679
836915814
357630952
552286906
620599769
783099965
68449288
269351767
217068231
740404769
508008903
192264862
808077074
515695287
98932546
123193534
450594644
84169944
674987413
784552462
468652384
202433110
168804696
304070193
75123994
181507401
639251156
505424064
544003357
659350591
878003820
758841961
375474724
754822110
161135575
652753239
305681063
118220697
356460128
702521459
893734337
376959423
937167042
791377408
386567516
935630937
912519215
64667066
426787527
980140974
563392873
133383344
439108551
370640269
868155143
68166721
700922715
744994527
854553169
68844822
248716061
976551902
530714534
476026377
922073711
986069055
329709312
805762955
506713067
992698860
740914686
907018971
215064744
758171491
829613578
669967588
198706179
380197590
223820191
753516829
98448249
301649516
95480646
951498404
458360210
951293662
967161864
646840188
161428815
670547959
988539667
61053868
268260760
926020214
766828215
740986228
521300398
308269282
488442761
320489193
696273191
351997084
534592282
919159059
633325291
770274456
287767284
264501041
893672753
909570510
451435923
738578688
960040930
781489137
505707147
148390765
924693218
524457459
34242294
15332826
887388852
375065319
332161411
890004628
438154868
417698576
844865565
959279707
127193333
897814792
101307918
634656196
96077745
970506265
472086847
759419385
875008623
602579858
530308235
228010611
755783304
673322270
830288152
591053956
461275328
987487304
261951301
537561144
517801691
765922616
859346960
9051221
993668066
406444207
133666690
644259052
353543915
113108165
658703743
837611244
183275403
99200209
982511125
254078192
182612676
327725143
585704325
791398244
426611000
482804257
98521385
45627982
497036224
665809457
352863101
69081739
353664237
845724713
137685634
756007164
76759560
783934326
726471335
454242419
247033924
268367448
942092996
120605871
651664341
114943329
204901142
567427628
19979775
975642259
371260429
915372265
4232712
505348509
25961617
884407711
195755527
603516321
135809909
383104989
967652597
869507004
243562489
28113755
179200336
977080687
150456198
493323791
973054321
287819814
754179444
813610722
780988517
771888723
899425900
769936349
87354911
500089255
70374851
609317202
931381590
368299952
599951939
34945026
196072993
397141313
333076564
759529126
769548406
127197680
653057433
593990538
754348862
706247959
976443915
347829023
388003154
358001163
14820636
495911163
553134109
454680046
516510917
162817603
604214889
805257305
387881281
591829092
567118088
283944810
26853305
907272614
356486300
292702917
862719675
104997982
372550126
346622542
273769126
193915639
96503477
77106928
729370650
774606647
775527597
95305987
940102500
632072183
496058586
589680716
656036520
840684822
841902797
460414633
580877508
844080869
552807883
948356223
914307291
792248476
184238486
13780778
26771339
503900272
958888218
576467376
14025442
903804503
677740252
697715214
777331637
116781247
413444208
494443334
258542131
683016968
26608481
73304180
551534122
462348916
119748250
878464627
908444068
105436447
705701724
907197491
689509890
192406587
693761814
56895053
558272536
440123818
941883338
341213355
303412116
638774257
514245517
868756482
823501164
63384152
784293528
976699574
205936852
387573331
257751705
596406259
724660061
326157500
928859610
545469110
718690415
517294516
397038685
840253051
454656207
91789937
116521944
269806999
22657523
447611454
832792561
817910289
710046788
628680265
247083203
376515441
763396511
857128956
579858107
309717760
394019506
689795292
552372031
82316732
489034594
123801923
465058904
703817026
828014726
439074663
397887857
344779670
726480555
47465763
155923030
726873884
473831567
313863881
261917124
985079028
258727715
841491992
844558020
583996124
789679335
914204087
133766444
383247245
183823003
729427395
272127413
562487390
415041489
47854102
359293554
887417557
597155655
476434400
395239947
139833568
799669076
528435668
435983184
916322092
39988449
552936945
634612111
289020198
114230045
152323105
722758783
813029744
465486625
721956041
312988379
942592062
510199584
540735220
90300020
114734896
133618156
230498401
699194595
896419788
991722005
564268440
206738720
987625266
88046810
133488055
750896638
97796708
547529366
639335624
642134043
231869722
325286275
505804942
882766173
972416961
772307289
711612436
190444021
471249254
649704706
96026583
993774615
668236505
235805000
149795139
599315900
1878659
93147578
622925213
239772998
652337923
182498908
147062082
817963764
794101731
11697891
57716960
62849442
416714641
244178673
560065352
321375160
704897525
377936678
549567323
439557454
186352981
77080736
247486349
869160964
779427343
321188477
504741933
329569051
862069331
745322575
358260367
73714012
181858144
383010853
63268138
664212467
230651306
307296207
757567175
131023274
967325094
912383526
839280203
543469898
512198225
513248319
160069878
870878681
214534766
539581312
412582217
943315145
7064919
782921452
257681375
456085247
711999162
589307826
537210905
837152425
912543591
531339805
50958136
677433232
996491661
202276343
317043983
766709483
756212382
136394228
256968870
110469772
678659744
421329329
873332205
87050455
229444580
674467696
983246269
124668024
600478859
533595980
882719147
719222629
91649244
132220337
482696873
740853600
529496893
968461220
165564219
442504189
647260109
929291611
446471310
363501366
14976112
709369730
633679800
360049709
646388897
277181182
460706169
984300442
368279674
879720390
275854430
96897322
201552148
265442482
294167803
861802711
115762629
650805101
344750793
915435660
649969194
328063153
842632513
388490042
963587869
819263577
152543265
872028881
696710957
819017937
384572088
812819841
144502201
530072734
351373187
347494507
721335391
410309420
609012622
203115254
188781308
117058638
172246597
473752355
937764809
819379816
398046237
263879783
204112526
705373278
671614017
45823728
356213716
441393679
332692125
30170548
103121961
430469996
514511456
913748860
528386015
501468615
797362622
637645454
448181209
684683826
52060145
19127844
778779099
229042251
855067618
66657177
390225218
364487990
864158616
865896747
75329661
227969266
723040704
835628140
878716204
632575035
416717665
869767479
859563312
116404089
507480676
732108045
235307000
202715000
805203919
584323973
191647727
936648810
800737951
24308918
562809568
254843572
617156311
713452763
410302791
127329819
381236554
966339083
356590486
283801280
309806518
202011989
283778428
774473492
949878784
326129520
86744421
122452040
481078963
581797216
674532644
634261348
85839543
771885596
500469870
116768846
361762468
422412849
337966366
472355096
217947353
50874363
752753742
947656472
567277626
716314510
3741218
99290825
651191619
991334350
647476736
42743732
365528324
91434754
955005652
104682046
415332034
331304522
634730715
780844359
857401004
989527727
953809057
866789304
541243224
29775675
142680999
284086112
317020708
593677633
967126803
928250650
544609347
797827978
642365123
893384744
194157520
323025376
984537231
907692462
24033856
890446978
285083922
304523375
321329396
306538588
973940704
589989604
763069918
571597095
567817890
566438488
147447261
829729482
506820162
347420706
640986383
551209580
66629288
937621920
589719362
525719641
165874783
874039393
633829576
538917041
255685903
494079089
936362567
246477152
458947707
675518113
424445539
374759921
829926334
711299743
608784192
968093155
190213116
487802761
864419254
37971665
993303248
897235065
15233070
192291081
200602282
896894920
512360545
85290927
954847194
973358886
721571826
740399690
987912120
447610228
683135096
524561701
213154648
454865485
653679848
894456570
756897438
518275777
426105277
840842451
727914541
21224645
42906318
379690794
705749402
502896240
595485090
371666721
802955637
687255818
425569395
660063052
647426450
996139445
228513871
796341330
730535314
879936796
73579449
292571065
951345581
446322135
651044837
430592613
321013388
43932259
84116089
468982115
512076083
77227775
876148482
97693299
735272624
576997410
81211426
72511160
848639507
91047936
394565860
833522735
753788425
2557302
493692915
320923496
959678731
94549345
17355851
608369120
833984464
406063111
779830054
321489409
194858040
378723630
332464825
643641840
955774075
126131396
603922189
662999518
279233133
662319828
243868405
235080767
568106655
424360256
574864309
33404281
993625718
877802259
829253136
545395031
248360898
479906166
919320588
749378685
656158521
382054491
618322936
88074479
690027091
610970
109950407
53031667
561112739
894066727
900885476
375200086
423838720
402324875
628224165
15240486
823316351
729098437
179056927
954999630
697505567
609687508
63546678
523424112
245208404
898660736
244268783
951092549
170715933
368147529
87841873
155566809
851267278
576382179
762604517
728126544
34864634
939559407
154624499
836338730
683201636
33045581
351583829
387768871
59921951
161304970
818699366
256150179
897573674
628989290
480655864
672594098
996296282
777548569
184855224
195208543
657436100
792753598
56396275
278573735
135971819
373685042
788116596
392332350
626963399
837340785
417906826
888410187
334031411
879528740
75300123
317841106
339179269
166330941
276790524
766266694
692011159
119511330
146530053
993944850
913532601
295768609
440536620
860087968
132071620
404712883
510453838
869589975
875892366
274381436
962939920
781959473
561002233
693620565
824551124
883634731
291658223
442117013
130888764
417120639
622270543
418083680
982323111
630929058
100298001
103584194
123091227
902472553
619046648
431321881
723727523
507066534
35305056
126964390
823836107
306020820
855178008
870261432
180423367
483128733
538454294
753000076
209171179
661537637
935770464
735095398
862849153
431317705
872687064
902500418
240544197
150019550
599447777
682122285
795918476
721800608
916630911
984842185
455186121
572834611
478853559
392394930
585831462
582772188
536052477
214365080
614709634
589627217
349196774
710111030
586107524
536995008
962453672
607835428
516850440
516435712
669991489
430807086
282601982
775263793
979823851
577406141
415841286
586272263
819162856
340698986
789818110
322739625
134838258
237047661
183738854
161910374
8354414
44757152
747960072
460980609
40967164
731128533
178866853
847942075
474926888
475541955
511401200
780457387
402834688
63607686
526888763
713102140
212828541
748996985
459030265
745034134
482166596
643844704
992494009
27652890
17239379
775007186
803024997
506126381
880383890
147715440
595197327
328121740
706850086
441516595
273616477
975291971
652188357
931234078
822753171
470370202
747904664
885722538
743681870
761877098
721218958
706370582
800840572
72888842
36719103
948155799
343866861
552945024
361883987
162724656
246755669
242630348
908908513
764793061
856161111
936848193
925912161
405154367
560584818
550591726
975326885
750692363
573541857
563087679
880887322
344544297
99035781
469441339
895332559
996307731
91205774
448648643
677018699
871434850
820279940
695586118
147170562
511822513
615835088
930450339
778117510
983675924
263550959
613405980
458147522
82846370
849497018
397752503
66919321
492647700
173613804
856424862
347540123
841931394
728146601
85233419
213060419
922955954
55860940
549240320
298753775
644668563
425793814
631342377
123118048
148391095
818216520
742468737
95666322
771940776
139386445
676683027
723850227
798501810
837189312
368945223
769561849
746737084
785993586
763108539
75134529
139179982
269671281
127723818
585174666
186704395
938287563
433177094
130011683
510410211
450196222
787822032
549426433
782302185
737178003
185172479
112161246
298705603
964407564
337935675
902747885
645720990
298450388
62438585
299456489
208818269
706644687
973083352
875118093
552498898
911095549
128327008
747434491
889337894
709107549
677411498
909610304
971861361
631635748
787901879
806421389
588584140
356447844
678123240
433919364
498002619
515599879
347923854
875678910
561331918
377762346
154919199
50737720
454792288
70870750
894971178
288444648
808422213
748147093
967998976
866853434
52481701
220690567
744732025
130453647
469360870
212049116
95314341
806988510
157824175
312400488
149999465
168789782
490472014
186956652
141548978
758921972
269651516
726910743
12834445
252842837
454632594
955191511
4549406
307188408
519750855
3055374
403575263
845303587
537413970
218267314
305967169
508642915
159302278
132652295
204211563
702394888
737760862
576215921
787843398
686944714
325617015
433053638
894128348
456539783
844065374
336809782
196960810
120388226
689050161
313979215
335578435
648957696
447688876
389166219
895813950
764787312
496117036
304614582
743809783
115259698
18944931
836802581
908831661
837132432
824446156
915865099
45603961
869038099
59190135
721473516
540155363
907114581
68985001
156944826
571146718
102282263
552872233
552182418
335259434
258690495
470726021
693285522
939703058
34475967
101475535
182797318
116758475
727074658
564665042
728388403
612572341
131276235
544274681
761011806
43109059
407485954
51596411
220419751
317291780
840006953
363130785
949645749
481387217
26012902
683916050
957435052
366329881
361191756
913826246
99082412
551268317
355532469
179927694
215424377
345856083
471554102
988228677
393934222
202383267
998406997
783922530
520100594
455121216
239921237
866355735
186868965
177997935
852571180
496996893
289928119
202494834
129614292
890734829
963943703
550527560
320227628
716714825
798318341
497257437
947100849
239742518
797763962
550228650
646893375
439964298
221104245
131287227
701735096
861941732
897625478
973815500
751651565
331761455
973640137
203234801
699815790
179220279
51825773
23157674
936301388
656281090
457651641
179883542
798532863
193719906
759095913
823343146
943316323
594132876
482665389
924994040
592680540
356106105
168252169
101247170
891110345
906829600
172707028
512408447
975296268
367148926
91866182
269132856
294926494
747896066
105094373
993130441
100599201
519133563
952980879
30402227
143504626
711767378
769165429
361104711
459595624
164232891
388822393
346560786
739757688
998115408
939256301
72995431
126848272
553330673
496618611
731075669
133994999
814748563
591102670
314658081
126028739
616347082
326687126
548740844
999772649
863733168
494099350
181036481
627959859
739249013
694267773
485758008
83553935
80884000
121839925
360295962
39216235
434473186
818482648
821538705
129838974
659735690
921625099
34907838
465293511
194876335
763845880
479525425
432565788
808174024
133329927
218437981
400595429
622621687
364636812
856801394
599812654
651659320
16850081
117654243
771443856
769517959
701186526
461126784
556872767
278933251
82060022
249685165
499103407
490069356
345391290
850933368
850134728
46238226
948443855
837539847
809528855
157010143
747957050
320736252
967250552
548231329
450086149
393054821
162809837
732739131
342646514
468106876
1158306
418872382
247885847
919501996
550657726
702766038
126715270
301123760
57934363
489596073
882746674
816157714
899342722
494529359
671942618
32042524
434712157
253589397
238121241
84081047
984841550
828234243
24095132
13927896
416212656
41968421
635230926
490049981
215229486
40328285
608175466
792319133
299142921
559295642
54906422
869549814
197332908
919809357
866981935
228398540
751862288
321070533
512236570
753550129
445481550
145231616
897056280
403343206
25834043
713686181
383206690
115233020
762766740
940946394
71657632
529724822
798021185
940343410
610174343
720496059
478929538
822716650
392175517
812321487
377537014
529259461
878849632
489155911
527037697
951082933
381688962
362460303
71550635
597936391
562907746
568831344
145737628
229254709
875121506
96028704
16303534
579287821
45826828
582796826
631278020
950212640
378815539
432483441
590349096
969290380
95191802
323137731
818138614
710053336
855525962
168983613
350983052
44780342
515097928
572745861
608295820
569852281
60945606
644669988
677400797
975295601
916497213
666457087
160786558
674335365
823046460
935624274
58757386
390315848
156201025
345569980
841267438
864002104
422836933
571610316
19417614
973376868
400780464
790118801
780224586
576653614
486264307
38263882
168400852
419975249
536957587
713912039
667352153
289144722
749353417
920437666
97187935
507631135
284349961
676976390
357326284
890118377
751688132
124050939
737604154
271476342
209494900
859012373
410217076
147289073
714000813
995957888
431420455
780407676
633418522
979143918
814534024
167645586
212321680
104137021
567398498
386593892
90276182
51542767
370778304
354626975
270024786
50377239
271274421
133267240
621053052
551318145
235322939
108741596
74036447
64612711
504675813
709466111
382630177
449081384
338947627
460910316
912403999
346196141
112605078
405227851
680392831
967702813
694747377
859167034
623599023
589626751
426097110
822510147
414931259
663548522
139194712
569225619
36805329
492096243
468863421
723852015
400237099
341082143
865249393
2300041
909847401
415104298
632752758
58160538
783920776
358704129
53566222
117259727
895228138
378007386
418571753
87830337
297882526
202250673
69600600
723770363
223602855
265040821
844225016
863993190
865600392
573069572
534889132
175779186
231643902
956682026
89591842
321238050
33722611
660837327
920563937
274803257
13716179
844377604
851529449
88563785
973791053
198447208
386594104
164243801
580973738
456905699
727603479
77523247
927166313
642647424
539139990
390341049
694920763
188666265
56638305
64936692
846891816
114933252
235899424
251527655
977871356
231031922
548506892
34833613
673773414
621627168
585527552
12505640
550546121
296439217
974454303
612147389
637119863
23520261
879990820
158285773
420707637
180864167
97392316
917972929
758424377
238440728
413415283
454352620
424314232
414762323
344455971
477298551
130610879
446892610
209977222
597654988
260241963
55435959
347663794
39683187
675092997
19553105
389188481
647134531
695687067
216446864
694299377
707279337
273557191
274340006
66612107
992763905
906796850
813729381
337531876
673840983
792141142
654141686
503870410
299521463
828700216
721747278
465326035
967581452
129554996
476264185
651350576
104853968
428486930
882182340
759829664
760555699
437528059
854404976
549233752
34060216
654309338
694097288
105835413
169171151
806639229
34361703
893554942
986071663
978033557
651752794
584306198
130827887
712452457
929497486
430867974
363670731
167594761
557175171
422415652
530709813
179511823
743048587
605328838
868306164
175550724
663633727
240341318
931066304
52576015
98754116
307374685
819765840
10273143
642326277
903876429
47398138
753830903
822257470
894635971
278288554
781244358
17839197
620813153
444043386
471259942
290475816
801102339
175922336
731710350
433513313
858662958
569945748
88101478
286634750
424180901
508166091
463087035
439048095
769365947
459770638
748462164
297770784
885275096
100442050
134951318
212440382
517219348
107931276
828301863
589207135
355955460
380221789
991687060
86712444
179083507
135941452
373651877
982702115
355260986
210519060
304899125
60429305
350279682
428014510
217867235
625867069
888243580
931264793
983892359
106594214
474100271
937045414
819216355
50241660
997356839
651334881
213786391
982451795
801649229
712153720
345061566
977492161
323977696
514957355
225060079
571441777
862979395
274321124
975051874
519366
593308209
577632991
710649789
652522522
945294897
1049184
77316565
673859271
368156441
884398545
955298936
903759588
333245206
919200812
362431480
860235184
845457464
850710476
267569484
200018021
940159264
338424360
397509298
232473138
903614922
603547176
915196497
176749527
495010957
424034532
376816594
487613765
286933906
228224122
142946138
642506095
545463793
722047192
571401713
456544778
595223121
899849587
375586648
701602522
853033074
600622873
227232827
969411047
361813582
784359135
640578644
733446403
875102435
807262249
933505412
644910110
82143083
25862842
753004585
268976004
369709359
635867114
675680822
651049792
69375589
986447675
804337343
293898001
311483392
613925906
190037498
889995365
901460830
14566511
871264492
509579433
25747003
173092151
778595016
775592813
610383867
812177130
524475433
24396796
15501545
531610894
634676170
417435640
664388942
666736963
30022423
218855724
321148053
369294523
527118226
478531563
163247461
271998936
584132052
353498841
841490484
887714816
356597093
720807924
414962426
125978483
41498173
830010855
380199041
285797633
859323971
3718609
203098086
618868209
300176860
511005059
638337869
527072895
812860073
229337050
292156455
334789510
87164089
439420366
502340883
464228649
320733438
117905548
7485144
226822356
399497365
494159474
338544726
480957339
991909975
100333078
11722055
287202942
853451744
390857559
506794623
374562325
883278086
243158476
707904118
613539495
527750563
559442564
164057415
423708147
530930773
744341206
274114777
88836437
388889686
832161889
705107687
616289683
376645125
869507337
14945364
339301964
271591693
307593742
412606914
942113152
512254866
112814525
795466768
272799900
147586522
186692061
512771094
564674582
329664116
192747705
101462876
294816163
510690599
763462500
326370841
679896154
213062049
411254890
947817171
285184543
290950510
612874578
124662995
664707695
369768965
147458004
704465362
722303887
345877033
623300874
131245755
278636420
363231754
760790360
264463609
610779721
914497340
377280795
808954947
752055779
300632451
427602401
467259162
808062615
310142662
582296413
690548597
846424038
820040531
755674029
707301296
830673228
574590769
415320692
245067704
784129025
488711396
857557478
63809233
403217638
962389061
211902176
407934505
595230998
423900073
395921821
539796279
156462214
394651058
498255470
624355465
626137130
981376998
246914222
256258653
280970460
690609399
89065978
963161948
147177150
164176929
817696121
184303717
245436169
734194553
342694776
768469751
689561544
954041976
826258095
382737834
920442685
78993561
86832470
749826751
708891317
748775028
713452087
706289494
113523845
783100484
183148418
957880691
128937438
137963966
913457071
883767620
544353838
1369093
849198038
214718221
600019791
182232070
459374467
504044772
279138920
165151485
229331086
761247635
167439967
267363788
937956475
508411945
878023946
199847703
318599118
44813411
561814586
943763357
324447789
721114145
754828965
673827192
339990596
442238940
