985
629098056
61754415
68739743
748220333
749543671
744873161
78872925
106228151
949417762
290181711
887153536
294623284
586870653
630100528
93850276
936477126
964041685
192919869
788891342
31783370
591938601
210326679
197563360
283351362
452104545
418816240
984969168
455286397
842349213
33681859
779638080
752476270
975131573
965635391
212020393
152974374
527647786
409886263
488812222
818413645
427567491
40477931
891393190
925498310
862550011
644728919
865751479
352567191
473755752
324333690
799016606
227474160
438486772
480237089
665775764
195491167
419566749
718524376
618155696
739922075
489463430
489289348
138486770
82961500
322367487
638979246
755843929
242354115
488741811
776124698
775055017
88264396
694082366
586920256
371092453
515825030
843989559
397751524
205533778
657337797
898656597
65611900
948619922
448694456
794021700
969197494
604731584
996169275
618287821
467295056
760425318
443252251
792819125
973323836
641648636
52647508
304878864
314370781
573367745
995188405
522448909
576993373
572809535
869422924
518723925
370111546
231172743
94610281
442448639
173347817
155022596
833615151
620085381
223220503
166281820
832432090
137190124
686450444
341430749
943677674
605392008
650725502
17213675
308695667
576494009
4099705
603243097
935590414
448747705
537198516
633662592
545329942
203486011
408116246
226992210
648691335
183811139
29266805
231946528
503201034
567693528
328055847
220299032
404721770
640413754
389382933
232574638
455310126
615860374
254593194
104714761
839035098
250110823
432052087
849684641
233308646
573271600
316137787
713228460
167526706
383358554
95242923
832590548
678879740
891235992
363626808
313532363
388484330
782484319
403325843
167142367
808238039
2274348
205209244
246667741
634023569
883488171
985526118
506667594
971717414
970722276
603628063
437827275
519840687
809218102
831209815
663200970
94910131
178847646
596258323
227919386
13048679
226017486
561747141
689547060
461285677
951817717
438806907
176853987
750296244
256164676
537772527
96610505
480910781
110816884
690916334
970513210
13393084
935812534
651658580
985443119
274764990
781609492
115264269
4831266
704002909
501575927
996655976
303855976
695009197
244140276
480247175
120326656
259925451
484387606
635166668
736578366
870841185
217093573
983478163
643008889
148205270
996152015
315871037
532814123
366172728
721826726
217746264
180591213
76026832
556074222
334543823
973174431
758431054
71824035
300291923
390402200
885606563
819474536
486565779
63403161
225689966
630890282
768050157
454432781
607778373
503644734
880189170
770836653
925726239
877161378
579179965
100255117
332862241
639661215
105244390
750592090
415240550
958792864
197847362
177541535
565922306
304295888
127216026
223650543
54878814
786421022
74223345
445417728
594315387
134115599
965391595
745606545
661196268
365734934
421048545
919532417
589436448
720259720
931518023
679130200
730047519
17597082
914447080
176852451
708989728
314251819
56094114
669261380
973727141
453384028
968347719
383978014
683208220
162811470
494659692
825489456
269717318
271765142
960338682
188996042
318585321
114553256
539653872
383562075
886100658
850956257
40988095
444134182
569636691
131813124
82575278
528622939
877281262
841304765
40156465
715647395
954056141
47411485
201513227
380863833
705946109
226077728
946363115
787614950
414559652
996924460
269124853
105679835
777287180
548425651
950936016
264891902
687791397
789662901
806250296
733002041
980527159
622993179
962937833
183772806
948397147
365821117
496717850
581887137
776313285
591033593
620417636
375831241
400936859
821205845
358310609
488027026
686850031
380506351
814945473
971274802
736198583
719260978
73949288
263442442
552780962
337376524
873185105
283453230
375114926
312198634
379068846
876118263
972224859
760379623
993891896
36052522
655428167
698093711
216452460
296611643
622255410
815930488
363639064
337454241
956530118
603635625
717296423
819033424
729587347
132132888
122846445
914137198
659053109
75512094
463575306
923097545
782167036
497155237
908465421
790472705
566369039
622760177
481560137
32520135
773873951
507762771
252329994
247628058
673237032
167837565
619819596
127689492
905941817
181223136
242220400
364939596
499073392
227337728
676267594
19085690
860662033
91476410
380503231
97446666
27115303
671017192
350629827
431527542
645028687
730112756
517770417
995036560
315862086
695346715
891786431
971070962
284951795
933615799
50118701
719620930
158828968
937210117
477812008
750260938
708711016
557047854
891286116
467254531
232727758
280709527
543067331
936734661
174558259
413875619
491683557
868329818
353502917
459827854
587189379
49895973
458869134
320136678
751907671
840472901
373981400
191879284
569115954
405800269
111181803
170382194
260828801
782808265
486153884
389453597
255722323
126957725
691387564
262953698
653877683
428629288
671847772
522355999
806177001
327522092
18042047
732148734
165566967
914322492
478100101
742999386
131825700
150541807
339454859
156933336
471352494
952868124
875196218
615907932
383649049
785891951
275519834
88329346
735431205
541282691
37735843
527817886
669301450
581376918
516359752
745951824
591122226
453297473
2622121
977356323
616886758
955618585
238934797
798805285
712999561
538950792
185497927
385809222
240802935
788554042
836700837
433801224
262589966
748125584
552909152
158941632
890932769
678244962
76412633
419392771
952841952
391452485
835812406
615456859
641000749
740857744
221458898
865728033
50074211
6315603
659955470
18742530
629778351
798945557
940836241
820655976
878214066
972865676
384321138
761806004
692527539
908676691
965118841
776857561
991697414
890367575
647646843
158713563
746434559
771157576
903813561
333960167
149249263
722201312
264169638
95093035
267859334
457101461
885188644
834375903
765554214
978807551
761332401
904989418
949119576
919905304
805068447
583382476
431626165
733782856
408417548
662772826
645411560
854621828
74344987
853204039
241971320
894785190
780576627
807806192
116603008
604812461
123350200
826983262
11407969
577569680
867975651
569934618
718050226
927610310
229297431
570164323
741040328
560818801
887039205
1910523
121490191
308157400
969543644
296064984
735581448
850014059
276610768
455468268
85339488
291817515
406357183
901421295
106679644
14374287
990292441
591785599
131381194
805376888
169148198
632041038
444660963
314130118
449580558
36983818
561878251
796445588
775067519
454353281
152119647
511279483
38776388
139628126
59452163
400083596
903407253
760385957
942462670
365642628
229685055
334040898
731339721
516262678
810775227
147810330
97521679
484084064
234189159
150261447
255687862
409425854
273919309
593601134
140634039
932948238
681668603
187649171
392794061
735611217
708474425
48759472
136225699
318398733
449010730
946020535
414458597
744074675
582853307
826438109
55904676
363774705
235380279
953426910
468123084
949281595
605411968
864527106
291635504
144988451
386684020
473839053
674420102
197912043
613878650
871571149
667295302
895588067
646679245
726428626
451605801
185218522
459493151
31066118
898349284
80564351
445575211
53681732
352456081
529610628
658969845
572129305
330863344
254403227
253767107
201295076
886405436
928857134
925564591
212476370
312253619
1010573
626249257
332551104
207720936
845627802
477595122
906158776
689485578
999468795
481254527
929404023
666960006
141528139
390360978
625295892
659350930
649260978
250559249
652794568
502911269
174534694
329354545
652312770
200405607
546314629
241882758
591213077
76897280
720167171
494409256
781591897
728984214
352757071
262398908
93552278
758317998
404366156
145073297
304915423
366444099
507812631
597009871
119238725
888223227
846065770
91426103
890007117
844887707
133514194
321017670
476040608
632765425
322857622
772329130
593123899
347337580
625687745
91153901
995565200
95548487
685417797
769723456
344151609
848150324
602860925
613499844
264146567
488593384
58925548
261657928
693268485
927642429
347797268
784833054
90960732
236496495
399473970
982896410
500489775
683165422
471476100
394365046
266513864
443191270
218552833
891924584
38180731
865818303
361848225
120555902
159028588
985926984
919009154
594618115
697977529
116178562
447191667
775869157
672366365
618457780
952218778
962141373
298286655
531428296
375655077
526850092
578506136
248515313
642762381
37581375
358269698
899152192
347395067
860245835
322040038
303075733
166267812
335185040
641898538
575890864
475989756
90967420
405383320
819346081
636313303
239778347
584877530
108133057
239646795
93390864
158470537
876586269
110575666
878805604
264540763
397699004
443331079
232445384
529585254
505403325
359765845
67608078
660704576
976482079
809282288
547724292
335091032
132884042
909236494
945593134
336686540
695725893
307661887
725065942
11200130
687794093
275767421
196349857
231906013
732078081
444905738
874650157
270850473
699549566
164734247
752441997
724173219
663565592
681088213
389586552
369114347
985143942
776477374
810665064
751830956
863053153
551476743
44170157
322623763
439739829
397818105
128091221
988771512
163455964
276589952
321648574
331902331
858907892
401564568
590881865
596226596
34164904
165515154
357071177
65463966
522284680
664930214
260991853
628440642
443722987
362204934
989450098
614223568
913837490
249456244
308577415
424813123
366305017
724623665
835998412
577737000
688105261
649062817
784288706
454470950
459755812
152008828
291852530
443343910
64606629
70928139
637585129
585342529
573441156
207826161
202736634
15708360
152892978
93388774
396461985
427087300
847230621
695140309
717897640
485691650
181712182
802786957
303621825
994825570
169127083
186214213
155219863
725582130
672845354
243273795
888235161
349605383
202198787
549749345
95126582
337893304
59266793
834254749
889650628
185717238
432425416
232748425
901680332
801110636
