8352
11601446
74443553
987395543
18426201
447296563
148228171
639237589
788821970
142987281
747705504
268718815
636424656
621118732
258595759
551946072
979903266
626113070
227421990
140942771
932169019
448729213
855310105
933268273
782053982
460389779
300294553
344602143
516916349
899182622
166367296
574158119
401892782
198496620
688767315
866411491
126581542
845143637
559765661
588821282
268368484
48174538
878894418
22102456
343055682
947121241
771529809
158985395
837231506
186791360
454833479
282560179
300913140
341350124
787571775
616157296
693639738
293502883
487061358
524670698
116799330
450973110
895898014
909843182
127368545
667802949
216524010
770304870
244644010
270533543
47008490
592737460
197752633
708883871
229314946
294709335
418391074
566564305
642411300
160412860
664119960
755630946
474298219
19350491
796221194
101689233
391342839
928869098
915502533
585179492
213615881
998934533
134822412
975207524
925909879
934995864
934236643
686853750
5809525
748268274
405935984
101896098
179348682
256208670
903210998
117099802
343386670
551512584
835020437
894928311
183728048
649587089
458379800
450065209
464163005
160819623
498255516
217072135
968767366
785571340
717084850
174171195
573522777
977864556
614564019
839387756
830518966
79039560
84954114
332293290
966175062
530466774
542806259
843582690
618417569
606673655
870589764
774907612
501311857
611794383
911949555
119438404
454735963
303882633
143840075
689615765
776129458
216816023
591156601
794390274
864729884
917668986
827194414
493486554
977498125
315010266
858958142
419608906
675198503
808173851
96371348
187462618
623336222
183650983
296307521
368090267
825876093
159207291
378251413
606704610
225680842
703953436
966235172
319893538
504543915
334836470
403629194
715808410
836592477
67350063
599306306
444427557
546915710
956239565
880101000
719782982
608221300
596030053
38501188
87824170
606902707
337287464
435116242
595612474
38304680
82358072
88972072
758762698
967097741
480121869
456652573
739830651
558813129
866897841
850452056
709911845
259027793
119355513
449502169
178361414
585819396
972625094
295059690
77350218
845809814
973167468
205935837
440041243
376744708
495974796
364922123
371510528
490164820
822184636
445714809
777855465
405837869
491290112
779151771
405767858
932938754
332323828
872009613
511128785
829601094
254992016
459913405
464942709
730351002
589440840
110634263
152220494
668784232
830403812
694788244
619380205
660937899
656735249
766203538
317958171
123615966
229646407
128876220
351000331
676838016
538424424
943805192
917037599
209866444
421513356
457327559
47279732
216057147
472634787
893640965
699029722
663072589
272160133
786282844
529044552
907528715
975716212
546178861
443586280
761983241
3891864
279271193
2063846
91216967
555008613
896568318
589406562
42976475
829586127
879926291
758282174
382616174
58893463
737090277
903532193
901285495
419795785
438798797
215637130
855035495
532875642
537557988
512557896
910452426
749456586
833260352
413525315
839978734
735124419
482646068
621861653
850902353
860951425
35230719
987334278
113532835
812356400
206983547
16977730
832357066
373263374
442442762
521668193
759342675
636664543
88945670
352814936
863034013
459906795
415518593
33689575
738053815
719576720
37519541
74530478
569456786
324522159
531602054
722708452
274860884
777782253
93584481
906261294
852281799
272229519
210262704
894082165
575233050
251627309
794514184
165924008
519253404
855541613
870342282
666701158
130103402
930290085
746764227
859127580
157095284
7292761
808090089
386979468
638788740
924272447
700811228
292886222
825040645
974149109
552254721
113601772
107351656
111948532
99600296
719528168
309557107
862754666
16722042
539438135
745103467
887907507
349377898
662363586
259117276
923558300
664458595
193694979
28802722
396325002
152972637
841947615
255859455
189173867
47010363
689910782
667199569
703999913
281703268
856454732
631048472
451374202
845503048
125571733
113789742
820998734
995214597
279879158
552487860
409964219
233618021
573385348
53396954
308874858
163530778
181937362
194241517
8235979
617189712
447146704
150722950
33919138
268567174
329742286
761495086
993927278
913685252
765666626
632800300
157280139
840233262
275839060
358071540
695690763
530261543
593862232
276817434
22991502
500326978
581544724
288791537
746532473
564227430
7479496
336558907
836927848
488304423
318647654
904709551
252721293
875323734
622602008
491595549
299030912
861557879
841746639
670361577
772923681
356278591
479928650
200220064
47929731
633789589
957936276
642188927
324544069
809073029
729014404
452028880
403994654
807001089
727885516
627449117
994689381
688067962
542777007
270483037
59458625
537131505
233228422
331764583
597862697
777724532
737810907
395315907
484173803
282445541
127735348
482735251
926184280
68987840
524233447
738967153
575445423
979505150
543640812
959367909
578511148
822793557
896331641
740180746
138841432
385442618
436461305
573418212
274404360
935536007
422288453
938443087
153001422
634265584
959956848
169681140
670807924
726762473
647763701
588505650
984684208
86861554
182275853
49485610
275966101
721844414
9397808
328262280
92252601
798740364
235955285
816542736
104579183
441742831
742256331
396221330
665747502
373671753
261313387
775916007
124446165
294427514
781790368
149839770
12212378
80772870
505463317
486604908
572776431
104503516
29124865
243111586
217571371
946364995
634736773
292178897
281908109
573931121
678212670
453482816
539713698
960547620
32351698
10230311
343771021
278225798
996920343
602085816
289727740
395091434
565374072
688625721
45189102
874236005
162219988
243788660
125557983
865638162
830614223
86061354
382508809
833326011
780597213
208475208
88642885
314306755
40415724
96530580
298773272
198237263
961448809
243496981
942007787
123707587
905628781
482785830
416784859
5194961
963399922
344251531
351336562
242937767
781736389
308922136
204229065
66418182
673778310
917514328
443610362
242633119
912266766
415476576
890154142
180274529
863239139
102819777
536000144
884631383
859292059
455361777
428542227
56592447
667453316
760644437
684402626
1258583
942162185
701361737
515092368
858133830
188947104
873659521
29809631
734417615
850317860
167524934
251997206
323277700
728684290
242150078
660043126
350302379
532357543
708576364
86409047
487452717
741439130
380079267
762650227
296699105
856786025
778342583
147134950
189083117
929531566
929628555
892630362
760555622
263524030
407000451
486273453
349642520
146981894
196884199
513448095
783560983
700459493
523930815
741213591
310374108
696211780
577064615
379309493
778058380
592634534
264951711
717327192
117500752
413768765
519233978
630303741
175648280
749631988
84026199
273689822
22162118
489252785
332144497
388855550
165223701
846684040
133409838
197850438
780722981
671982567
178208459
729256081
781271193
223879566
226308734
663869634
985392302
541842926
937493604
703500216
933162380
170522418
231241893
9112601
942344911
206671988
854869180
637249257
432605697
604901126
346993345
957372304
892210988
814663262
278812770
389904506
584116532
765708202
860536018
474111332
255578248
443571172
411077517
409838989
971881778
391009033
756467214
723302063
122833510
268997729
621065521
505376101
937466442
60802840
21631184
288817289
926859365
577418567
379736494
231635952
905096348
298462236
910767823
527333108
516579827
206634229
242087905
31680811
406610449
332762337
228913803
51781981
695510319
529103910
535012548
102101674
790892402
176063025
302500574
825766599
708034743
969283246
517075642
91831753
511026314
63536977
167973913
155975326
575034599
478500601
898277926
252698073
465550779
35204772
607507674
971148119
403900855
638114881
914832931
598940125
744233860
930648578
10247164
95183903
752000582
535958778
977935491
478318311
229972796
196558435
372021597
748193419
531025555
239312280
677440355
829445274
936514000
291143748
444305027
433070008
531267543
14065092
116551098
376648710
565552367
710650342
440519788
569660867
482671481
67414460
979046721
528463303
326033205
910253948
11796158
800050644
321759765
273630203
279775383
79847296
4737180
722641292
993838285
985220199
46175831
162690493
792530456
445439190
238444803
514618060
43499225
809605212
601662292
106032621
312430442
502794189
291164806
612916997
926625282
686313245
930625804
319201216
74184858
918296336
385746159
329514057
915377374
502807223
859668189
277387505
500547890
375082637
247520393
234473510
354166930
129122294
530236390
527228544
933804042
380802136
751075723
279336687
55570969
464372787
261045334
110043429
208461469
64718733
740642942
62971908
404380562
595849808
702029596
329602085
968649256
935016771
20985391
614962349
619514687
519447945
253609826
500189628
476819372
927804448
705242604
704578863
49071020
993746828
809543006
578451625
693016321
860763389
778661705
69734933
581389673
250123476
307109463
197728232
827515743
141183364
493950575
714362897
817966203
205932445
148797867
255148830
489128001
619227785
993079443
817798194
873940748
25694775
633780939
800261425
927128673
402923893
979933324
709350053
285475421
303542523
176386246
17050221
21920373
391813895
282929429
708731367
835942566
280608340
429047687
136507448
259137251
721230330
72873920
186992957
847483746
631564970
737501148
981096728
243231659
560839404
759010605
776109699
478879848
645977555
72155167
285965889
56360886
751478122
549160638
96194766
143772396
898551795
890189754
146685432
234712733
263112631
654230268
46112134
862060323
363523373
216483423
195323428
931641539
255420186
791309351
853054464
346120182
167564208
984374277
840882696
415469410
939615396
278165365
971794961
413050802
743829478
300222022
2773316
378776426
617218835
185031570
963506812
201512293
884560916
505364949
465643905
435514260
674435845
845489301
37878582
377606515
977418113
527891251
923356766
188311894
954892848
52847525
376804750
472331290
781299325
335406160
159138727
215606647
557429783
947185444
207025240
935213993
156015437
350055773
734941325
75127403
681202357
180398684
485375753
215807518
676464760
636770291
297846874
561832620
930426257
134025306
808051272
659172847
759876628
825623239
177801447
340726823
342126209
460176825
958848241
599749351
497370323
715431148
36746475
542690407
654610544
370085660
830742356
831372695
685932409
716367117
909320335
590710477
503132039
653120188
470495785
567283518
892843033
461294400
196819100
543400626
371849557
278188716
424882791
624966909
937330567
154656133
432593128
159045820
542887804
975123714
667057878
802559873
845389484
144893584
332963282
96442311
61313015
967852455
609171225
315316682
894622050
999363065
25049097
527284700
733190497
364347950
38386600
350155032
223337126
859956445
189767717
61112491
147755175
669796647
168485085
933767035
777957051
769604013
837616684
659284267
217293003
428453784
253467097
505192007
957860691
687916061
531973717
951148318
333220697
960338151
372549478
291794017
208180594
367401520
483795551
133408860
904403730
348543515
649667789
700426267
113657412
723586609
19434748
92734960
436347752
663472830
863181684
436358235
42058127
546398413
60018135
258415836
105917056
145124782
713363554
473859654
626939667
683911354
634066573
241941474
806700931
153377698
537804474
858992600
703744832
341607875
270347442
753380563
998869171
587723009
123875321
652800907
364610818
721868480
346276894
838868955
37392819
605754860
494998858
814365987
109533331
369406981
118820590
826787183
789832417
918402661
204952427
997051086
808596287
472748389
893318382
628656261
506890809
306348531
813324814
502230325
113994250
689167977
413260390
114204455
577461333
479063192
538264727
374083809
520180258
80803347
468286017
563752675
783944429
123414579
608122444
661129158
292150495
901695454
857252653
71344422
410528333
688987513
440158773
415393268
507751328
462007689
862985764
992984619
507972457
906450716
918750625
398997489
30710812
343776028
304274392
55982666
423430530
463965469
579373038
382891449
232039504
760400943
510716086
492529177
558688017
463449584
248285093
198032982
214899771
61715080
565330727
137028461
829806622
756678361
594418716
166340058
290324101
3614679
434501884
198990375
409410763
748400689
866390667
882666477
596606278
50345694
69990291
636022572
236812261
491330209
519872359
151588853
508642500
458099143
174089315
49153105
712798085
805477706
206236751
565087665
393661254
420267922
787907557
264364816
263625749
182570410
88773679
511675646
185148527
583942909
331098795
9928700
740345478
743929555
254450491
83638813
686653982
792926112
863076379
748216813
232104419
821323795
602778834
331017
758695882
54890825
411067082
520884901
522230359
436822812
210517127
101138688
832509980
256233454
443049804
154228017
498254943
750225931
997893814
522882016
925448208
132584628
81342792
293139278
369190062
44578982
133895616
517354478
352746179
773159793
393862555
102410231
955450975
553020596
882433241
971552244
801899545
890833098
176222843
44472134
319412322
126702432
695162334
295113549
640371408
825308251
418388474
994212569
404990472
199420028
551700714
45071342
257619111
741487843
490457590
257257225
549457655
231232546
156434020
483784961
540930404
819166160
818362841
346990885
718812327
198910019
764580517
867191685
598744179
632237803
168336028
895772050
134217924
534626553
271667675
165218417
221090688
216228466
290549571
944202654
963889085
668919942
267687766
969811206
915034144
447780470
401188859
593698899
773008244
563516815
232459145
89052822
909951614
476394708
847040517
874908662
613500338
116625590
464638270
599867505
720177570
523925185
748680222
852610275
179860083
512121020
732522048
131767234
292115306
272076111
281869616
705856615
31227546
410488238
459125848
988022908
883624560
21336148
275398353
818375161
878354756
405144492
85837196
718548104
590944829
129013922
498608551
403715730
88620172
580222640
308172993
292186261
165606830
122829650
923702024
798789313
326024368
737769464
158730421
419680333
196528520
134910145
149587573
94192275
946633351
290882240
361662697
424601823
229810704
321996391
889906154
303607782
185994365
557953712
172672998
131119355
25822481
102704006
921617221
716285580
732158444
296308358
839672797
16856895
363989684
201828975
844467312
396650921
270874345
362207256
827850947
130435657
148984525
399360005
138327863
704028593
847812008
944449738
10777051
29329595
709524165
946966034
212008184
494836375
170753223
165167288
782126075
912860856
247663909
476314371
357315058
284698074
672606543
13150452
899695579
507841578
287989954
942762919
662404842
399769355
777297716
652804920
440560885
142908802
865366589
301595043
509591568
278710496
195356478
293530659
915124468
446683398
49542946
554479144
461274834
95794827
990364478
455556314
682949486
309646682
172092874
227017979
846127446
640797757
313768779
265181532
762295564
693418042
875476080
377130437
861135873
509563193
356754446
118663826
890080090
619880454
336977320
307652223
178998671
444496329
802098956
222590121
323406008
69303533
826112342
283915426
963035203
644459942
309633460
500188800
163964561
74790033
40149744
73436935
883633259
117690488
782957217
858696967
584474926
741123133
40174455
764522374
976941611
561817850
329456922
443536703
991090025
761909261
343192247
764026272
897785675
225378319
125725329
196654632
149130765
347284460
109308149
435601782
832010679
331027315
10567386
55324646
305310046
784960830
829701461
133997231
17573562
145454752
427200916
358949657
536130570
461968863
610975468
843441544
942651645
843218655
675765717
636884046
325643148
983780466
148366389
542695463
58360565
988269188
746933837
332293543
888954704
611022431
553390038
253026157
567345071
166323411
682108659
523240363
760819755
204615135
515769926
272504759
178076460
427255941
649098933
924096774
979851494
543949145
435461535
159453692
768515057
506379146
747789295
901697109
443308193
381992768
7072188
167078410
247887510
85075588
803585962
887194609
115999333
705954637
483394506
311410291
583263389
989674692
114589798
930693232
538535982
815501545
534877639
861431188
790814251
788356927
201734091
753621845
828813163
919989496
464398845
879265273
345617350
308131178
78840643
227105212
200830567
919497731
96954742
246905658
248234190
216871044
863293784
632391370
761794151
142507611
723220899
703761546
843243628
892781772
907159899
426415223
365437575
86860986
849975878
730401172
17256879
234934277
655613324
305882790
874743747
948796262
1818049
522206619
61066429
716265503
259545676
600326640
478076686
769879532
307670536
747420016
639431630
275512458
875232070
377630251
758873332
468992384
107219478
39036403
192594639
326542769
560515944
90798208
578203152
906242901
12731075
238654648
42705578
592929820
128345051
960892007
989549057
85311607
57081572
633204100
594608038
919414820
660305983
504608285
296472653
132163328
38180740
749761756
725939195
520938262
834995102
722753802
733065566
673125367
611320620
379556619
997378306
633164840
862064069
422281082
511248088
24678224
512411758
444216019
933343314
952102994
156149299
316265323
826056252
712502379
489979956
4574943
364876693
750377929
953480171
739710635
779834535
59417746
442925490
140906851
873912594
105884178
951383205
257785626
241614024
64085975
935742820
924538960
642720874
671891473
761466572
701303793
670722817
918390036
809535663
184076218
191325039
36244931
248057887
814074888
138781910
261530905
759827767
892466213
516379075
19364547
178164533
787954070
580021746
123582021
533885454
616158222
375078209
524536319
802018929
357840843
465192962
296012184
669516662
679398225
196994174
374710382
134577374
839702752
671735956
536405883
989699620
193377710
706799864
739237076
87956297
569783482
143302178
741923638
444049458
742528676
5925322
240964985
622943471
694735175
298552046
532347089
934334485
520685564
507264391
386098698
94653939
287925268
88795712
504339898
466782325
610022737
868111365
887996216
425098893
48673615
746940464
17024933
696377982
343342306
875723091
877376482
790784739
205948802
441719148
381140599
667508588
9907596
193719784
533160997
368372613
427045672
145185874
768940411
927418483
888446571
515985321
284950646
726020293
974746153
175485964
947777958
380292519
618247476
387574718
944821830
235047745
553566124
930733996
620845770
104148433
925666022
41336907
225833175
674902516
263684966
658626114
941409556
486433003
627708042
797239617
237535795
952442151
148924287
285716761
306235401
317576889
494348845
155506929
795756478
653167690
458078464
103898839
937982431
67612234
979402521
625976040
739979963
14823768
170970820
281275560
217989937
70497871
552707367
516427973
344019716
966284104
133422711
903986386
269812135
22747549
419854777
870262474
752133608
673073666
512256842
809461527
62509341
242684131
438187900
167915506
25810652
887278212
194101216
479677554
913876277
356092767
623442784
3860250
372232605
63331678
940209737
174704474
984571774
302043534
871786409
26040027
965145890
826731827
609704538
692980350
380287069
738589749
845717655
890228636
429433057
914180832
630373968
973492846
134803104
502056301
938999124
665278053
806603910
648142195
169905187
854963450
888792439
284256597
535937397
80083739
371896565
535446839
285707481
519580948
278814382
661963242
893329705
701566762
206431930
667151888
666251020
842931580
789581888
228268370
46740117
307854298
889480309
245008103
101634000
178348775
798177824
797511791
17431980
961428731
855391482
611912203
72495592
742445160
535053557
414204939
968342039
12775148
712040188
666266066
828106362
877607406
263660347
470952097
951676871
770944477
309376972
935837211
907856333
714464832
88062531
780573153
629720769
400127840
268526721
449892987
69093274
538708081
596790531
189111747
185520204
707833642
47472554
812415908
936319045
773055630
385281030
354356240
404268336
648279684
502922134
154360102
593878595
134551034
885353567
930252956
150183688
5676979
227947437
2351336
437080321
553706965
871800938
675128432
239721302
906243789
293577639
836391370
176954308
459940475
307330666
940486367
169153846
983951757
458115266
555203617
993707555
246167876
602925644
694835835
149563283
451540687
696870453
955472644
693973430
309210952
265723516
717014238
556224213
152705209
46280146
62431539
193487603
516856756
832766928
30987791
904994629
546714089
86596802
865319104
515244004
970279618
154095677
822593590
735236278
9533686
60316423
562126243
93715363
948141696
484614806
625866390
763306524
85878257
287183504
773382877
595455052
291234351
702192371
831899455
920539756
834222192
597057550
489162498
514046999
703982225
204112779
749397283
98607375
732633985
775857941
848731831
837442600
206439863
949834291
977284432
999779293
289464447
14233377
573591505
334427005
756696645
96007183
458241288
233999166
323246573
969827588
403632234
761363742
740654904
972054910
367804927
932217674
131919358
952500813
972926578
946296189
767535308
905014437
128942413
146451989
405191948
698565630
464865891
464414208
984481092
108747580
986091887
952262711
174089342
639571673
602766013
771170173
450953363
456744989
897826758
832672414
165750514
763176441
664583590
533247845
663261432
731648625
676606786
124800131
207051930
53628324
704943152
881409277
616912120
642833572
916325388
583540416
446073589
226970707
409709345
825945048
558361245
36393241
161667196
966559666
472078653
31775744
82954912
787584580
407549467
176955778
922921439
866189605
460191459
303696074
179285637
504299911
713508584
859213402
653177116
122763029
211190552
674178657
927835757
127623500
722128257
421295799
606368864
469793612
536144147
780364432
571995954
136625688
323819315
641150817
969759450
165135379
460307155
25386365
23198569
688241694
308295664
933292731
227938365
205505581
179738976
934745743
464563329
65221966
5774708
460496292
258637694
783008858
803073833
903145260
494387917
343077233
697415131
120476228
913412604
170023587
839174856
271450227
698930325
962469769
74530985
829760235
347669153
984316015
634228665
644640453
924126908
814246367
239299451
296771953
279078944
92715958
998146180
479134685
818867464
552013899
87703323
849501567
850341979
640168617
249670051
424056923
274627038
316713782
269701596
540269658
420575790
270419458
766531099
15144628
177008067
656503615
666976508
257365053
652486490
387668956
678072637
891145851
224202349
141910264
954794343
134473276
156607118
99154015
60814024
945478680
217971201
111529099
353146492
169819472
588194192
970654039
531085350
815702015
2209550
796721205
493199777
568464144
709711395
384211245
102032496
21008076
874235258
696308484
429214435
517278785
509571285
843426869
50991959
433166601
357269122
731703282
285370187
639914848
875971281
652127749
883341545
675859218
820256547
16328658
747616387
722969118
311283888
504813585
215042290
737326012
386973295
979555502
155061786
776742463
76277714
627426075
292921620
99008780
370411673
323983924
607052169
115476990
977398111
813508932
127011485
359628958
908150748
24258980
122473770
608669129
735677437
665488234
23689313
609441543
813824744
526202307
572242638
575512182
796391076
445686964
326319776
788720332
223895947
338717735
206813742
553878614
710120458
729493160
766696723
739640873
615618654
882239074
327663173
723670972
865955366
234521690
463367709
456979004
998908977
46845992
251150815
192450986
459113089
49689405
973683568
346407502
199337704
35852983
881986366
642681195
970599707
200853787
89247130
922423465
225964755
644902587
581484195
344421857
817662653
614947689
43196106
818958297
91777592
223353663
755215524
868032821
504009684
698019165
556960657
341852887
493121182
833591113
503635972
667570581
342926171
672508515
694245879
504070743
13364640
85518166
712176152
334560015
847513617
763998460
165706112
359312200
648663300
532598554
632357161
491789164
860961634
20071068
730542198
765189278
41378812
974635615
643403488
846252672
210977003
140700897
176114183
52159647
449843349
964112554
861903074
229917774
945415175
876679549
787575821
452097614
261803816
117086616
567869144
328180220
968613902
668827450
561376665
649390017
119149140
860875502
47503771
702249854
359387305
581702813
846861525
22617768
513490280
23777944
634229768
984420951
346006103
940322432
382988925
554454023
535604472
981312260
49285044
106083110
898508948
144175703
424819338
7704328
694789349
55361902
858838156
308134512
219631289
240575163
123218299
426264890
46126391
505844774
602129354
256191553
424708537
183608029
754424657
406852116
396908603
709524670
183186790
355971475
156582481
487591297
757944499
416209515
31337222
673845079
181444622
460428319
111649906
467251671
226364369
231385085
986830583
903240521
818763529
304131060
530448336
390690534
524214590
962102127
270426826
892241508
167091145
863120449
657185431
791387586
503626662
857422419
9683204
593521505
792582749
549708358
193964286
280690460
146700655
546297090
755690214
858126725
541907488
719377341
54989093
31492103
884389327
708148176
626161629
988080322
501108547
41731625
597698874
115973392
693460809
366523895
326263246
424925263
30480476
40626263
282965969
383747031
220303367
885396241
947883467
867756732
758343535
176668956
278027645
578306229
860715539
760914034
101350024
96689420
474046764
838769979
514502730
657315887
511333781
282607013
324528472
229554632
716865275
410716052
607197630
576300969
855996599
432994726
524801581
835136367
475407828
56840574
615820576
573690791
422038987
5193577
456546744
27925406
257750436
533872218
745263997
101847573
410881971
234154914
289745436
851901782
353255837
22052867
848500411
32655352
71859749
123824997
268590750
344914179
297634452
68674511
775593828
652186261
191160880
412385724
960433800
796260144
442804515
148133291
679304900
302483095
365129867
28371333
267175033
141328461
732663394
346536134
492398621
310424686
53650883
601839475
384941368
391807618
178196
735621616
697204477
980924371
876005238
951617222
185552373
605111688
135809761
697546306
381050080
641678634
653915154
698194340
947316186
895562875
31701569
236928725
530493711
577450593
281359870
93756298
131832114
858783142
178834390
714056161
483205177
216711276
798435672
105000313
787795657
942079482
107409670
123870460
34888918
466654949
63127281
94288888
301140560
456110884
898877073
674853204
231453869
203375144
574060907
640614671
404605958
829522663
433542322
188460260
43862219
258486387
876122838
625745306
227792936
595580592
252598498
785835430
638301091
318973705
605125250
738745246
775378308
931605004
850869227
265001572
260589978
731065398
50713099
899476289
648692108
831777853
465881247
521143445
261079349
801540041
952454417
355114998
740360375
710736169
9027822
417951797
124049619
632099360
310011618
234430521
758464974
342200047
348757229
221615433
801626344
377431129
718837808
519378184
634070160
939874254
670153841
30605452
592986791
459928887
838168066
733986277
682653550
629967214
516478135
282436927
855702136
724338368
470695590
406896213
314625118
48755063
26841475
170711091
335105519
302586053
794279952
366302981
203159272
624240630
295956540
387619362
689935011
844340950
113257455
527014905
499650526
340263094
925562474
474482007
317902092
968775544
981453816
513226957
892669354
954550950
287141944
657696160
494745717
638936424
313608838
403018169
813215046
16354854
38608534
635527868
313212032
788031565
66099416
422506393
49267918
717541661
368352091
233278728
307677294
638607443
778531338
472074527
506672643
841091239
686987674
829173484
80857634
159568866
205421868
9765758
408425170
705750330
188134639
16636849
275906074
541288658
831083650
428524178
858853553
484790668
8273325
747844049
957435182
945546509
357051785
817103646
674346647
343570850
728018982
89038528
912050156
425980245
582225299
517662052
309317174
730502061
762370381
376710409
695962484
170550947
274811316
765754198
606147197
352767657
799049017
389880885
805667624
379599871
362422339
697319643
658361106
927299809
962253766
992456505
641498520
851923234
934449115
494085598
353496494
274722461
107198522
52348445
107052350
700314944
472881507
179690511
722991508
225932863
779656132
950107552
149846251
509313094
815219480
787551177
79454835
106131964
167520933
696675480
551654990
609872158
887096712
320795309
209050270
396143054
342474952
281252369
473047420
895974027
906185971
97231651
764222196
176434593
466389190
331336077
793803480
998312433
988530942
589914318
676248269
120419028
312221872
63708084
8706370
489453488
55893405
224485862
303681705
175474600
254683281
57619586
117478114
405905490
878870321
36689822
419208904
485827552
968276005
504211525
398780373
881325722
893929256
57484387
940839117
353050646
568413410
855425975
652397387
201447243
988166842
556790445
903451153
62840339
693383211
819485956
380424335
235555894
128908568
745835301
400547447
19335347
93313315
909387710
348255196
812878428
29708178
114672611
761798283
27312655
297601675
954326543
289539023
728462604
471434992
963747243
47138528
19541805
309246463
363452130
254865511
849458806
929297847
856681366
13183906
834425305
817086371
867364746
881213464
802111082
672872467
127493108
648338608
36435385
143028816
930845497
630743357
477839010
880984798
563089078
388963252
573168316
662770527
703423216
3817060
463977352
991993314
457111706
931174244
124678328
962597055
601207025
428129130
143182806
330293121
620358379
108945210
381169870
799338260
972349703
870894985
246457532
981250607
551568610
393359526
378739669
872459294
354496968
42320355
534061351
705268303
411213174
203389620
130971742
387318170
993778811
96775863
949519596
200692429
849843137
33505167
133397538
725172975
682153366
942952642
452432667
435809464
506453385
950352686
309798901
976481797
579128911
342523323
124337674
492580016
800491510
547009977
64100695
523870737
628357161
441941334
486408793
206079647
106673520
330107614
163413884
938461489
960273203
421114360
223102955
134661283
165006143
739121232
302371220
644719296
397415328
92820226
581333333
510903936
744636664
37142714
639001770
930144430
571044798
92668230
865100660
425999792
180313018
859640127
164145258
474215428
952710439
655599271
519871907
828349084
808524308
515513997
254074604
356678416
915085842
57949729
328235722
524885151
246075357
983719432
941882158
819193094
422823961
658194645
254150562
803222278
77297589
725592707
248820828
929008337
234695214
740378483
708833824
562083628
583992793
327235491
570601661
131287561
655765049
797468145
781666352
551568812
79124770
7774245
662664141
301829722
215485827
400696103
640770284
639206294
437146292
289658036
710401890
202737343
779793255
310214171
483935788
164440129
498204467
812399529
756021626
274615343
917705388
694198780
621516640
851526725
632294541
511911485
547979477
362246131
488953258
205853857
665392292
119504149
142895452
755845025
489486395
49035786
429011874
95463797
94608187
860891429
47916786
892630022
930986954
588906885
950832023
310596542
91107502
728366103
432899921
414738600
620634716
450575667
287775914
522120448
745279701
963522867
569718773
79130687
174853886
958375974
723766981
756201616
143641991
704218479
801428911
904270528
190924905
226928151
410411407
539045354
445766133
165341061
909631220
113622582
592396361
397877696
852287950
626324452
292479632
511953364
245585816
922975508
436671399
837411725
572090865
64406452
607614536
201089677
225823148
854536281
844163210
986027153
44972076
940711619
452229345
770650483
26341902
104283570
727932796
428017047
389486408
971129529
352282004
633832911
968313810
683969735
733793564
870202801
242537352
301853663
687146207
83712333
468041561
608273662
51964070
644961423
832048194
477422950
311946310
55992723
183713099
241438487
587882137
956202874
259322525
273494548
274542603
112375346
274525723
307537665
536259920
534798129
234139278
431517466
623071489
1032585
782413698
797110008
192147725
433107749
161741651
726641164
59680422
43354988
579012919
516355513
332400467
515336533
620755726
492456332
3514507
766919784
187169545
13514989
939479291
976669997
443878453
132551415
405519156
603694801
413924023
957258330
108262762
737403965
182274838
163624710
550957261
306603139
291504560
397673059
828589363
432079666
998971315
449189266
696132666
154999770
758884753
268388152
723356921
203785714
390163713
79984114
988294531
383745333
689140483
742937206
719767951
554664066
808954421
596385222
412167543
920883563
35161366
217406526
790300486
436964983
973042439
893678776
81320705
440256481
778804656
574037366
807642988
101027651
763046688
289239086
685506474
915143031
528650474
847764829
95381808
798637534
219811714
16631050
9388482
952796528
945728380
116314362
721073996
33697893
949723815
488764361
792199753
52754426
445232681
155488213
697087711
797949655
31071470
903993194
960528002
516876617
165876541
39148823
27312171
33202008
301836117
687842077
375935350
639384178
444247521
137481887
409074891
37335933
883294968
945540211
419992511
879408136
75291519
76197417
605838650
529787244
734879814
803474041
221823013
321493214
539135593
199235134
291728594
372411093
458650332
307904933
226607982
2938301
52492827
815311238
317195410
691483315
719966330
237216615
460848101
480104454
312549528
512884051
254572607
369658905
436837854
138316443
953841214
222722118
420341918
566303368
793014984
366178860
712687470
588184152
223967158
882563115
975964891
734101956
844324492
819982003
796262981
721135033
127745508
111042670
890501462
366969609
356556679
821539398
383299551
932895898
658241668
501937509
950465363
558009518
633665575
836101588
395634180
325835060
406439357
13001130
690199848
579148499
893769171
415980897
313551174
578491557
40831
608363508
554705508
401116888
54982683
909613659
890552861
205576862
851982349
293404585
438031565
153201699
571538531
668601781
872751468
497804751
136718463
822988966
844831616
330322796
300782586
845255221
848202322
38130533
581611479
428147602
955292536
398452121
957121697
167211187
316737723
791284853
617918107
741998972
652030473
31106068
178982551
530273185
423037343
34906922
968650426
223986548
650809133
707649370
955909170
386221015
587664106
314079933
381369016
982267550
701762820
147649593
906551868
654828912
262501235
347677474
870448809
925160761
297219115
924829349
129359018
818798131
271507141
557043403
867799432
863393024
552829000
250134860
134952526
958518920
378974187
51240434
589121089
256543275
10072670
921516273
156537526
266683559
41117178
20704416
301866270
494160975
532216519
727437606
483537612
362866263
85111650
862405625
846237324
546796825
621214620
744656352
985896176
375446261
778158351
746831095
381048462
208089865
455834823
988719046
269072744
448183241
27457242
422855934
77692052
112248846
811178203
930771943
22518534
381601268
389029728
999255995
606888832
862836457
419174797
946404426
464851401
404271352
278880165
515711748
626154853
727865829
824879697
549757124
773027792
915218678
650795182
125783565
913073104
211238572
265756124
834952472
96108619
519032524
303251032
514283256
138716845
613620682
738170419
788727630
68803952
362707665
6271472
713138602
532277716
654240463
810038938
738489421
495992062
829651468
698910530
780648319
268221249
366112023
205264249
672286624
222925028
845787448
602577473
179203487
957279160
435815762
409863601
921908156
827089666
437697351
642996730
977663200
794407571
207620817
471600489
776867809
868538389
297382712
287899989
286634686
554260850
998032410
54019970
470583440
237229359
230185710
939712807
987006546
474616268
65506170
683992390
195442144
656526797
837745413
489680666
838825899
633367980
838957520
988908314
276781643
117226057
297505155
387610899
825383849
74056704
399868077
887865949
740075740
224653090
401411258
635422659
759349783
575324989
841562804
489351155
564712223
22974173
908359596
851264028
75196638
106918741
124969744
744894731
874718030
591955768
562364886
815026723
517616540
572679906
70458511
180472993
64283980
787499115
413220753
289168003
911441097
196088347
857369642
20202697
893414079
877079055
680681045
128742703
737651320
367560903
128788616
581138331
683267610
860573047
10344742
597619931
850964187
741752909
715254279
589798992
890995472
118070676
361093282
586880208
149999377
610678961
733341416
906466056
865012484
202434307
107606085
29378282
751093845
908956434
656286021
410121143
68727723
500584166
291363707
215841772
399176618
394216013
775154051
529589401
131304136
611748343
223187477
868352959
459356471
198053080
848357414
563966454
488521229
403933875
710744588
172876241
999126693
802952321
480287876
579611380
706996782
336313233
526345737
851927735
712645735
175670903
247142955
938663711
971039521
322519726
640901900
346397963
988104129
39902214
876232707
269353006
978345877
220681612
647495188
342893504
799152697
504995411
33878095
145609871
240876774
22492904
793708432
815413547
172116327
395754346
738787791
640385281
732538894
633075322
721598724
51780111
507230890
571752537
718015797
753540633
129645325
94350544
349875824
200108978
538763305
532507953
860362597
89927942
578837763
34476947
720513881
885869257
354362927
718464983
695725101
650648745
670890292
645882187
541181846
32624284
741241156
791347269
817128226
870838684
857196845
822201923
114110121
745244914
661201545
861089197
186654232
295720576
150864249
725011908
869078999
276051570
642122067
874244509
13079856
429725110
304208217
681018284
568878744
809265653
471801993
709237475
907033584
408222194
214647847
793578192
363995976
898926375
137681884
219303407
765343218
129032685
804333694
208929131
621025898
770826524
96697546
959347015
494398574
705186532
374807903
262734482
861150309
169338175
62685764
799582198
35216852
65885208
720247818
617670741
128888276
415476303
633697798
274527871
991024679
552440585
953805882
782025285
33877849
658112643
516194353
943528992
740298067
358928302
296428735
896179868
531385084
188889491
535439759
850945700
191597468
265448293
637000360
157212216
503387661
685461621
507180939
975813950
987553929
337848604
386996727
57041574
422424948
559817816
98540246
636439438
321333033
902513737
419567781
62702689
155176703
202577003
352380150
286763387
184045471
137734941
751968193
848821070
501644767
162971423
952496100
678552952
710458141
478054551
634325269
593675008
61436023
176670555
555997779
444292648
310549357
455958339
628343428
328545654
583933126
75298328
543466907
921055365
265082098
709299305
884313060
598099886
240198681
155082409
785893803
838135749
680582176
205175952
545791812
596225288
491736762
700880941
112212644
894324975
120390991
442715032
36413710
584535120
369645538
737173459
193098514
843697607
379748989
106556799
734443025
456172348
835917944
998011892
876922514
389903309
784040386
584258689
955607871
364719776
922072157
20161464
132908342
359983001
819237370
89886965
326550528
891005650
703595109
8683001
64796842
924413171
306077145
475420461
426797441
948547102
307809310
450943365
221658821
467730891
326654711
714785544
699736080
736552101
686953083
834477751
748681155
723043894
777186892
273957788
675620601
624537801
346052284
135323591
110445824
253891183
605309582
860968830
527365200
120245040
402903798
944174513
377538787
926584579
821884847
921383265
641881645
612159154
840109261
190807750
95449524
464080368
940662307
390786116
380928698
8856577
424654992
173156706
847705363
128620277
581498000
586555074
612969661
240907475
818106246
626666849
297672841
132118891
189236256
787028954
375054970
553924712
141912841
603700725
694209500
206378015
638683286
440193896
859188957
169574099
22499185
224731096
984036731
48960338
157054839
712769752
133295109
644409324
871034488
487913937
769954294
423661727
465111561
380629082
330442119
275509124
699718844
193800646
248818843
310222390
228380476
712358355
862277721
443407350
604673709
512579759
635227626
710875653
749496635
858964348
790421896
748333792
337660652
628110845
317146753
117865768
867107919
532719527
978588586
504029064
682563408
339093638
813256975
310046599
616368298
104586956
386026087
420379900
961054533
506366587
815887057
574579201
230091850
583684290
441850788
110405085
945099714
804429382
749816716
567518543
500001727
350374652
981782937
972675732
112579894
917224268
860693715
404017875
436424573
727965781
443468365
579546523
488588715
840826153
616386276
947532533
715174108
875623699
307327024
872962003
762776992
588568478
39119872
685958527
171943618
622767997
516629167
645749260
877715111
286297145
318405658
362898297
253581065
360892470
763163996
750432043
768256806
983337497
635165290
111259116
997373730
916529790
942925590
188291237
379819991
292763245
388548216
188198394
474805616
980497598
237164895
545362841
548174361
393334771
83385353
403410512
486798211
661004637
688936601
662647940
870172652
908555924
531890837
953153693
451646030
590056764
468871925
88837986
706509807
75631603
934552918
619727077
507386585
840806147
59149373
889212201
598333987
576308774
987041317
175594571
42961093
34386211
436512184
538130276
153625767
250118947
23253734
559541374
301906755
36709372
496082568
310676030
519119319
792580116
428565546
33767864
579465431
126787492
52190356
932852973
55000174
841595064
795693158
313134791
385196780
477258218
219651351
538071442
521437757
414233940
363268442
795158950
97085674
343197718
277389960
683873019
239313939
948020858
464449987
921331725
711001301
845887866
518777373
649468495
520074759
103955156
420353594
590893925
717155646
569061652
979448223
989131147
509698338
348740236
982622571
690030632
741218488
701870248
382501696
859447753
422068645
93300813
141681563
463773468
333543651
673652372
19897958
402501918
111179016
412649613
962410093
669126369
371578092
630646641
116394228
432490136
682537380
837929585
704548299
780496328
911980039
669493965
804334281
299237691
565512166
387476574
209464203
852619883
951870508
148780883
135100745
327534224
574029811
730364099
258038243
527978392
180045322
469493619
344356700
714764897
633432053
173416337
220853185
238886203
411126992
24667724
790859745
723507585
803885889
878532050
878711099
105550929
430019477
12105854
298567815
863957209
676051219
817909574
155329564
97119351
44689891
856267030
843656312
861625410
41659643
853642223
452974052
560781131
493696658
383804152
905992512
494935074
575018512
453869662
36321634
3619968
547495941
414866230
957147855
226748051
931473465
825591604
379133087
417402923
474411945
699573991
243084416
757825181
166918891
471561962
933153065
310743894
538376399
710708063
777283495
838396014
893760180
802730255
278873838
961843410
305932578
517744564
224000484
887569182
218476665
571619685
510263201
135080722
793748790
306630164
518777593
571457580
226779351
340671793
795347194
337181407
302604974
460467536
490439424
328026386
510444625
948294230
62920796
659190050
886111973
938263605
689454246
90168753
760983222
51820819
696498377
180734053
266224580
234744676
892251984
113504120
474262306
748995003
185719019
665802271
163510376
399116806
483225615
286901473
97354972
127313108
918674911
612977995
141829441
627290054
672592469
919549428
407664068
984598058
201879155
722400721
911440898
657682955
759578955
303266491
490711874
924750372
152793138
348085135
314783032
65237435
275270729
376661670
348368291
998687242
653469310
401699697
272128680
941015156
215159388
103305405
115113314
183487972
88455105
13759177
768033410
298712833
845671906
141150774
425228677
868994208
482598789
978390043
476601533
444326890
432203681
145281124
928439240
214148406
835135037
572128490
183831815
94749758
783414371
850230825
675366909
688675267
300383406
841367944
947220632
950959151
912322738
732205972
292572283
24903642
521474698
984402605
52132123
937725877
278878211
796016895
692081834
823704202
993738613
511594389
857276282
305147485
143568423
68231968
652519785
732514126
578035736
541126950
131622941
793871392
279569100
849650205
839471501
616629646
667788923
687309160
362219137
556960956
304413343
328083101
324609883
535081027
998907939
870051141
521504102
614167928
773524746
269471532
100529556
418507728
512809976
974377440
27004477
679535793
860336594
629934983
741478550
196087145
460788166
567515291
653079472
95169853
742345983
78182261
718545340
823212444
856898319
983572918
604905754
543709164
474436654
956932466
855954526
393787517
912142063
596900639
139580722
148325857
736789266
639310392
563290608
394125832
952437655
560891377
928892922
644477223
334128880
21753117
128397236
469166805
663646682
311872927
987980744
522252105
529054656
782166516
409228658
142016093
837179743
971684309
711628914
697607082
686833735
517718265
189573649
352857878
291373594
453775454
142564822
624665714
913436611
292399107
629765433
22780834
198520938
389021709
692130522
416248712
53816038
713018800
478519770
783168929
811409633
357976492
736630887
900269201
689610438
480583563
741660587
540619563
21209030
24963377
527912115
999564943
484133104
198948577
836373868
38630038
998659930
381173528
492776998
876871350
592845715
328358324
933489586
576155429
74163404
229826025
809933800
628616838
891265589
120672742
442485034
306076190
624392835
508573320
777338391
255532082
332811499
666806368
243202283
469089905
509145578
752022463
310293889
448998445
415325540
957307263
864937184
498634560
563653239
500566884
42233293
999802949
10473833
491049236
524028740
697763048
716090473
217593090
136433269
853405676
647384251
566771358
349317183
505005473
689088456
367528310
327211115
896239962
365944495
417864215
7203888
708580005
646724549
680129510
477735449
452985190
349394033
39251077
313760551
653154146
72905448
43844157
37988786
191697130
32457714
992105072
862745674
808356401
661134779
604664333
196151637
223998883
252364792
155376864
649457725
579417495
479470385
935207579
312734193
804177566
622969549
429570109
534989203
163939417
392501522
248391419
280730104
459117502
767316288
352839767
377584382
217296964
41068037
63298931
253624932
281334345
873598634
719500514
244541553
275776057
194974282
131221368
822465780
97230943
817409557
95553416
575982951
284077539
662378660
14888408
387717885
553024664
217949302
865761928
985387126
861054988
212921459
666388537
788462056
925836009
119142575
645133282
408839996
135389240
626968880
888885469
336808223
137254113
725571066
538362328
706235916
118678847
131264210
381377479
727805036
947090910
252170245
226427366
872307897
481335973
820025262
247294389
757707404
403380527
324973286
525434229
654731590
523043721
801495816
847582224
441489667
360926700
84935233
367607333
867898441
421109496
522548413
85687890
17507290
618596582
173916819
459079581
874969420
637598981
921649926
296263189
173842953
571228081
353984756
236178270
302197663
158889452
859660921
561299624
49289695
316677957
573944158
36914871
431848665
146560268
312974610
605775323
637017156
503654085
71050329
236026591
901327317
336395337
459916935
282211489
842329929
343305147
224144426
945220822
936193664
253618715
639324205
41684259
723771034
275785459
820167510
688312155
835814021
360229761
146698207
552947332
75483930
929683816
314511313
918075618
818078478
400799123
50451630
612207645
4201359
527689626
212123344
534338366
8228088
91407153
377569623
479675392
938077232
868259839
643851402
873005892
911267710
741903954
861550276
204121624
446972251
929930071
138146391
202095687
949958756
904159704
13762906
608263292
837623325
621041723
232246096
839024987
352088233
675840950
148423097
869863574
811279175
941785267
440611421
996921439
729240510
689310692
780381275
548847417
734668991
575859413
564633197
247228151
396508585
12441781
552734266
222693067
138696413
86778781
463261849
404674508
948874023
65930479
12487581
437856940
479032327
483087865
496233125
934544357
743342021
419640559
838174957
994799481
138400095
95300643
30102247
613061715
721852713
480545262
950193536
192439915
614922995
179343761
192172175
553154726
385114007
981323082
517278413
564157602
268048504
116230558
940283408
185913723
823914012
848345625
49828147
191755699
853538127
433980970
338954053
465208616
630949670
954576568
658088084
999626298
166189168
987569897
662956853
337326522
399073529
176359546
670449545
488474315
520666300
597686489
76583450
129380003
209133752
738825154
30039570
555323879
248896289
798488719
625809483
921047109
46079638
633820110
259554709
633766787
353304415
9156810
866186934
67690427
169981251
226829285
778053545
19577590
830674300
203472770
179923331
488311644
714093124
922233754
937675895
904459060
736033598
118161652
660393949
418367464
810100657
617262325
230711703
349720277
829194014
462428129
96254175
975304802
676667673
115909216
119434324
246440808
353676264
466597673
405916618
263187487
677487924
382023486
553280574
570636659
111904099
267378474
113229786
54433429
276586636
42770709
696222779
638089785
383909138
207103877
405492746
266606712
667817880
831915794
225676912
305887004
234678904
323481718
929418726
224191569
604902317
499424529
286947686
448581202
981357270
993177602
345232363
639878440
332313001
908440987
646142241
674532138
267141463
532609712
198870963
195217754
282747105
817995604
129342115
794538735
593174044
309342545
577877376
274979304
43909091
644379938
990205005
740080815
246362154
329311964
529516275
472141724
41821008
541296988
91287882
865592776
866654233
420734409
483553120
738843543
282616905
726746788
774194701
469711489
84697703
167177517
482550101
902381509
426274371
861681550
886069163
62915887
557143595
942721295
565526088
496974690
775057599
303294946
221059531
830982460
774832939
923148889
398767501
717515958
8655771
481988870
801399909
963501487
860411870
778282661
272163641
487498247
321396274
46199370
898542318
205833112
696121990
210524503
879517995
960990206
195624613
221537733
641469532
20920317
42029746
496502150
778166393
984451710
103806417
852870091
407683247
581666585
722772120
437088746
849881340
426377967
883379327
378596310
325314616
575757025
776109824
670635430
563794337
578255234
561338225
683386022
44318291
288760324
362350703
851384890
538754336
687056939
718910625
272002581
505201615
257601485
502087691
990507159
929883304
330723371
553063794
747926878
248374360
51425387
958107572
153375464
299444566
467143907
379247073
244575469
966887865
193670951
469757882
281035256
85449597
34229907
65644367
43188548
487025086
437660289
241058042
163754884
549353516
647179727
348583441
767723354
104982722
288406749
475432504
520115810
844886421
502632828
591754632
123885563
838200976
417824213
892388756
128071330
841458102
778276573
928905700
310873262
494844224
391205751
803171450
668134734
835280327
315099860
594266232
651324947
96884530
907177358
543125564
508322254
936148472
983498401
468757965
52094507
701089436
9748115
188928302
803672354
376277094
388015104
792549530
653263303
684625402
914865340
39727071
987298983
813077559
658378664
122324031
159080077
578308707
851769182
862672896
778156779
7869787
633892038
27450332
334995487
273747354
521432281
552681875
52747600
875061276
537463100
627566002
417775501
197803031
661525734
428104936
296459524
100632555
701883964
636100376
191823434
54873543
834903390
657950029
510619111
239409026
426740394
409143104
742431444
962062435
87362314
797324138
870041481
797872555
323984108
227903701
425820056
129225804
840686532
629122050
558092325
715173132
727180727
661494136
132489533
19332856
373072918
681774450
359380980
554375110
130473127
108547858
845218108
187760156
462686138
785978946
446066811
171285645
992681109
970398777
917950653
510498520
970527147
413879523
226421664
486792286
940935905
31329886
666943021
21289945
859979401
157495988
624841928
216737601
757346550
54336066
970233630
269315023
874595846
952892589
833213754
57124396
962084381
95015739
624084691
562645359
655931300
847854025
451454286
939537642
625075096
710440992
171303892
225186053
509358594
334460613
89496092
547355103
873451288
982435917
776054633
371958238
114047374
406416366
436629211
877737583
999844865
55030797
159232012
150078431
267605287
6693397
481649157
842042391
755235624
868269871
503445918
327380929
874924743
838288119
28309187
169819821
539176428
651555678
894557580
991226769
276913794
264184160
90151166
354446952
424230999
300272592
176935901
885397389
386742446
26985716
916976895
357588791
848019112
739644728
23104878
893141714
286234913
146832041
712358172
155271551
640654306
903481030
210615527
407940159
416189427
112962655
990439317
991139025
163496373
472397674
331591484
487724381
910514546
743207636
978034874
582375764
704330309
420693755
981787710
33407567
118456944
764354322
805160994
782980244
779291140
904803257
66998723
699117688
319148003
387478263
836695092
991992557
22139360
375661332
715457087
801099933
284792756
549222657
286037814
529121129
394006308
991015590
176253628
619004101
883476482
222949535
915063527
714065062
210529960
589581964
94333624
740864420
851996903
903128447
240596702
820503134
325814892
430479591
918576912
253792860
411865794
522439576
597368932
798997697
7809836
936216274
317084827
98256519
95256923
354234003
887507841
183357095
260378767
367102934
602731661
985424823
448631821
928369510
185710860
889089098
806410283
812266310
340267921
759219589
892665781
325150627
300711181
593164692
751227076
341393078
135509331
255556772
216834044
339440458
341488528
175187377
977662993
130773049
631809247
401826940
513590576
662030377
486581934
633738171
917701372
675287966
313534020
67166690
475282717
521034622
325393053
795574421
97767602
269751891
853601863
980073937
987189535
505770495
810843514
610071724
41072790
204184888
199601279
103431841
864206959
682884647
740570077
431206349
417725289
463874440
913844418
676434750
896345007
936215434
695461854
603658218
382683580
177221675
75941525
810779965
163231152
668469272
398996197
933769124
631660330
584728371
787101004
398731532
995251637
805186303
996549507
719527197
805446535
130382979
37154167
72433533
729677715
786475080
841786185
15587668
847730822
355743853
629428767
21760103
125948234
234844450
321993523
312698429
363671083
677183870
100636077
382525660
592487527
381650252
192361463
327233882
608075666
641396734
724429
59530713
982036515
355500072
148571215
129303267
924377054
348520730
86764858
937175279
883552159
583930401
955502867
924723254
586438192
557963971
180498918
722526564
211674769
143429253
310304862
647676518
177910835
421848807
378856103
665497765
530323723
59855561
467362243
603461023
909543448
683065550
445184442
688180924
367913493
445749317
436420736
489596086
175427846
956158094
997306993
822365788
299877458
863503053
80015716
503826482
117587348
824491908
679349451
899594226
568224470
402900957
797776015
359458190
360048418
390989083
899264958
15439301
791520104
151257310
337405436
192639698
403405216
191372429
427515078
196725337
15837648
787552953
242261554
428823768
311021617
462774201
288382155
988450095
566327039
587498886
386836666
295611355
756187043
573925802
144971077
45865929
695823878
27257972
53168874
181493386
329748805
231160098
271424656
938164312
520611561
281248728
433121312
536037366
644913879
735636380
166216826
609614128
615996392
530250518
452902260
121346068
572134195
633787297
704313735
374719869
899741437
683821456
951467324
222191145
982654063
451022938
140964209
356228560
615816849
884114953
498406941
797312834
619037467
597871334
527860979
545727724
227744990
16531798
199606429
794155697
425486211
167697595
954800905
971802498
414835479
372170827
885085787
666011446
936291084
656315632
756206896
291396193
974956023
215341371
434342454
416970647
154148211
615081240
836286564
959824733
978645126
878928058
665845274
634300473
646727004
823859095
987795299
324301352
253710574
606541140
808817230
277860602
691196738
591272417
556585425
3824254
316932357
393358339
232901163
395485359
806481977
555524648
177516802
364641458
451747758
766997570
610860843
508485984
468618387
502714435
927590034
525401221
177311514
470467950
938590132
183318992
656775103
914005869
861092654
957133291
360741536
189870757
609293358
633095122
873370409
790447701
465340598
465718013
387723794
219807276
354969927
907992373
283626251
491802601
10588709
47272677
856312974
649008376
947792832
280028270
256474701
8701069
205102335
12562920
869545675
625725255
648912778
465879883
940417705
730067044
922915221
227710520
927793244
695935377
851219748
356120423
147130029
986068410
342934927
193840101
560877642
115759295
265735319
539145243
695169558
794008177
425401491
563780641
422988946
697657930
181267024
385397474
463609456
795529793
883730803
294875757
326213306
704839206
892098144
325475303
860437832
9581857
992517046
916927324
521594588
702306404
657716635
450870512
410966078
15717643
289188801
25067632
204032780
787874365
463660634
372233531
228278930
749209234
919409073
140386745
889667669
904276474
81385714
459668404
991681450
695436643
239734244
597455503
891973639
860569062
840166384
953755517
183294385
341761362
198381954
204113923
85896042
635713667
499202968
286727368
708112474
114257873
252136996
576936969
44188582
677562411
938292459
153408046
601809561
441366782
305562095
382643814
406338857
182798534
542847322
712430110
289728363
153732662
963291994
568743267
386632727
583679483
46837721
744282876
420082554
269325781
73470402
542307812
388956811
619235706
493984523
150256277
902337093
288788800
808918688
504921015
31061517
536612626
523800310
81106942
918472276
736933496
124860060
34616321
704529603
441572908
949832309
526475717
897550330
501186430
538613193
748941379
376961796
718742855
183421610
885115319
479471937
472901377
359968078
456824137
10763665
307532148
566867362
104097244
747968974
79805670
239793510
824998944
25178419
553400243
679421970
464740644
394295100
770381807
637501251
817043640
52196274
155667355
979080555
186401846
970322828
830222863
409611990
728875844
117315039
496600653
850712210
766077346
667772410
766390599
381990844
426344890
340965798
265174313
357399613
686402552
59529865
195852524
230781334
925762657
516621003
950201942
484938738
563716233
565011810
764789499
925469457
193263301
968274218
980435416
839462856
437265980
119727362
390747062
734397672
995138913
410621074
401623077
381426727
349504463
740411598
180374602
463402474
832107596
882117012
673300700
47332396
885137541
83815410
670728451
600343208
838098112
587285254
76327900
534289623
166519494
647685891
386483831
133054816
174392998
955881211
717543766
236315526
614641724
877031908
34857299
738092567
735075073
903966735
768225808
415277755
42115291
462427690
942410363
550721812
630697621
994693335
16645653
811862736
833632240
415433346
634155343
995494042
195945731
644043235
417207702
63245829
630836608
434139763
925914908
858102459
455650817
462462601
65467290
639023160
8805668
20893988
665600138
229051142
30921138
391718007
592945135
328405084
70237559
1417441
592115198
398931144
958009093
589829328
306688157
576322291
659933454
26320554
30189102
803539816
485356830
230147434
765149628
894552811
643677127
304234299
690273668
883019643
612898895
77598162
279192733
752208083
890058230
228113778
910522194
520133339
785439595
826123718
151836185
91068305
437805046
681620075
705672753
38894851
34495401
995050044
115733649
880400277
62018623
594135531
559820733
667842079
128715641
583099197
658614427
640831299
121618182
198109700
694555330
965878342
220434045
356806894
581128789
93593174
589909772
393804287
395831606
856458856
723282916
275371972
372062246
568436579
75982447
387973925
907206580
352427271
104574563
912177812
981246970
858519224
164242417
292028304
716509638
246295796
790004038
15525741
897383898
527787973
728989545
385424779
528689913
227516510
398350778
861571671
230722611
869149191
199755312
970695984
707965861
873692229
305113131
43226980
32316329
971738228
485273864
355547042
963562678
77157300
917152571
163053954
67512359
625100108
429197234
917645750
41876948
88743205
728580082
814558200
334657261
723675815
554071558
856127144
673405453
708471952
370178126
93995911
570073237
962781474
18986500
870297227
940180765
242680469
733147246
339500880
928468588
848669928
747074121
882288627
560660644
627314428
187649833
122508246
598190457
208098969
420336675
123776337
29842123
838809448
568330808
339637729
912352389
605603548
436630407
890149994
801237325
485433980
986801064
525593915
353163410
977312634
419358915
377634661
590763755
325548267
336582408
687724435
250964380
789470416
700874318
662021564
132211817
890098289
978224146
677386627
341801115
447207134
744506544
216067784
952410546
706260221
40338199
546276502
774972066
131594081
795438755
307355960
337605332
382644170
627217941
806099053
782454236
536704367
149851559
173092587
150165789
829413415
540405344
342493124
680886329
944990860
322878322
657767744
488838140
127936958
530486481
112012258
395978528
846022558
460810636
844687964
363544296
43468345
742200380
739204857
370042166
891080177
95699636
873731514
422363150
8352969
832938135
701585652
447754371
639875153
57351104
839790643
722569595
907289797
748660207
577865860
357542951
996814966
945303805
635752693
473388434
2398024
679816682
461821451
116165678
459633414
479168650
404173049
225077475
233797523
148160776
472184581
478070777
452456641
594893063
886840333
181135347
595886
503905138
99558637
29960881
688745123
388691601
768373400
28389307
723541818
88266664
994740946
425664560
45049897
924185165
721756488
584473950
569440459
895367480
552130674
425602911
393160957
411755559
773742209
668974282
425559364
965948115
97374066
459929206
459009140
514034914
650197408
669274784
800932115
408377871
176717246
155594574
450253612
947082832
403669323
158833239
733200624
363885973
244996106
839644525
679331024
92481431
304198725
715303796
452363931
337965025
915531583
356113757
443400531
242902644
142350250
816427131
28468334
22031372
742279325
456772750
543508426
747387406
911599055
407072452
461594714
956153655
867000337
373521089
317412100
689134619
502412745
213640712
599874823
414044216
925294374
88876569
374825297
282931559
318298015
852788146
895764397
541339385
336298162
311212268
555950145
22131103
441210688
569355065
711604091
334969670
664842717
767627883
320108829
749339383
865340056
818586010
328029825
385448675
149765550
376100467
831607426
84770157
780686283
6720292
355609000
615320107
753508889
528370819
678293534
560222433
780248944
884155915
820762181
849430386
222790259
188923508
89969937
830656060
743051125
882571634
95511187
476663013
125777866
672604234
86862931
641506076
733206444
763316937
727446064
721355588
484236363
535453257
235222676
620439450
244222413
583565586
995482749
239058462
377673602
570129990
882348337
147604445
707369620
767923023
866547113
773191834
443936252
521797939
228592607
523788213
319440357
43018689
939947601
272275672
892630727
903808621
276084139
545591706
274921232
378914542
20199242
750609217
716151042
884260496
879237562
785774767
161406780
666061445
692701889
97195300
253918825
823156520
192459913
676560445
869134188
353202192
604703416
672507979
142911242
301044097
312000734
693440666
577630737
229244633
25015467
261731305
805264099
412240108
724064634
870808207
851306715
410885922
966388221
832887027
888262836
877286145
414360177
261503700
488734957
591673959
194497579
434893465
67865225
364037572
145195365
282875690
753011787
18740098
950660740
548822354
992473397
282432301
172353719
812580492
868533957
693479232
277689868
573343641
991967099
274338693
188053055
718170600
696531683
883629613
667116382
286191655
956456652
710279416
703464588
600978281
460476878
968111821
376267546
671675049
21537372
957182500
432481790
971225575
897903219
462226227
236380092
950252781
606078332
42625502
295847858
186782400
654279186
614272743
862384059
801741013
592525449
188247735
723590597
679443459
775390413
281995072
13525465
145501562
818829089
368264415
251787460
753111633
204169419
397773253
267535558
131842535
383782513
448846500
74966041
948593125
781647635
56905575
370848195
589156837
682662565
942602907
252281848
394074942
54863987
357092384
323909749
118542461
778959395
323045809
973150826
55083754
143026981
410888017
783570082
646650310
938073884
500457151
12479586
810752602
719908301
101451398
230776971
594007235
513486241
391430010
30728519
462718464
463261759
512210908
554753076
242267058
889804848
155095458
143939978
137488492
404386326
299959840
120068617
541899862
999248833
477848665
818698089
698023934
219990503
269924220
93303148
818122320
582674814
486145239
74000991
727956351
157822222
804497970
336864726
274289230
205080008
852885854
26636514
767699011
852108188
425060738
227929568
32611068
993847211
492592330
770695723
6078789
715545475
516492376
438982420
217584207
131201648
59913367
374746416
290216613
445611834
400825067
183549041
689719666
353456779
391609638
40547339
97899587
344346778
954171644
367013410
877875207
599265332
308850069
739447426
109659998
128136593
337723665
810841720
730891745
944872458
529792281
691180321
541047949
882199811
953565282
868808621
730345277
796616594
208881908
570931263
163316553
680728261
745399512
176291792
771976139
297143993
631375767
512185737
425798923
947239627
501118048
964294594
817376646
801338793
404410237
686962031
924346961
250776293
411410083
68345195
52729546
213246657
8350745
113571279
182336384
301436859
805140404
862050497
134486215
903464484
238529472
333082978
839944445
442915402
928348508
393502027
777465999
680685483
469744923
807584454
144911148
405740439
293259985
595390277
110382892
64045473
290649380
415718705
661164051
154311609
921425664
465510585
914030153
224367281
803143161
424927394
441302801
547707311
701166870
613095748
162273186
48693314
456036836
196823041
733829030
713749654
735403061
699721695
543115532
509532111
451150404
195687826
280234067
360444423
1792205
516991724
349634877
440976498
728683660
404434455
928783810
276661191
258634673
427174922
135275188
185794156
675444753
600248781
426704957
934397794
990540405
935106230
929833557
659408167
685758717
973999376
818811120
869789502
304354353
272942400
502235328
442158726
215354138
20772536
961075603
650004637
915780943
611325695
320577163
434752756
704072100
249078985
952040904
231411178
682873613
766363646
348573177
71688787
597993002
580670632
347239612
766469647
734798012
655163006
827171834
344511128
830903972
345804210
891905837
348046775
901241696
21396160
305602984
236616997
974779980
887843959
345557811
67980004
237293005
306989167
613159617
409991807
931423242
877970028
927532023
258323633
755053680
842588051
574654696
142226172
482213990
96485969
829213022
686013838
637166475
525838489
52929190
146881877
896234355
173682637
70366641
202134887
566285605
644528196
965735491
398453819
200034468
271996730
362687682
787114278
533487063
261454891
831329610
16852157
8302187
676006838
948839996
631431514
170130661
678963418
993789624
705240412
476450127
633767172
547024575
109747966
360442001
635231072
80882734
685886983
83545402
962870767
674439634
112835002
261455352
961532965
917678851
573064566
132497080
384182994
635475151
285985046
303040967
169160769
588855631
883837412
424835439
513349474
540592698
814169727
76521825
67303144
499052902
896175831
278773516
552487974
518283269
481746688
729203123
448271590
448694910
260581912
177318960
971142222
77627383
321086685
160085199
945520525
503298514
329889237
93626729
663364172
208263668
278662943
483173448
153654817
877143919
911255416
924355830
755552413
407877136
798864877
263575083
371436894
100653506
100275058
426540723
253776868
806811596
220843377
788782460
790142576
254763903
842724097
698094911
844332733
600145736
894272922
86872766
840081718
525369869
780266970
250240760
228539108
417693759
216332885
568563471
945213271
730785334
280778862
770602699
580452967
369476426
985029065
844420926
919168644
786536228
286707134
432116372
636102889
250956731
385987745
802040292
777145684
222837139
892806836
384215204
994148905
964183864
648973028
584412148
947498529
923590543
861424803
940354813
823291332
383559264
48440239
739379401
705771961
997647520
355542106
958911108
258421705
918052652
121502320
434704899
946879165
713059320
30077669
377460496
157647596
84055933
101164223
36314976
213586004
674656403
525941643
56125975
260323166
215957941
532025916
967342525
620113155
6056121
233593370
848205891
19578820
802471391
905223167
798338784
785115295
850713995
363495176
202884026
786512326
635361589
984723871
836454745
465790309
768720644
586321124
212057665
863829782
873229249
469623732
362854641
496316682
918097044
47349884
142336250
428509459
328481511
899622279
100842628
354719725
883611568
762803801
636996482
694469716
326588015
846224984
773060974
438026214
484549450
264271487
795608739
857722228
944041622
565560157
270754449
882925307
570170760
352149524
305697786
277481881
514185973
895865992
644673800
88174695
86288882
425182974
816776647
966869577
766452801
129392206
820096528
494119077
636366924
529512016
772842573
548468414
594954137
653093588
644780446
222210494
611218907
499397042
285357586
404216579
890987715
31865773
709340540
489334161
500820001
21466299
850050216
189071048
152281430
3775988
789295945
671324927
558593850
298731977
67308726
675125868
529793888
939133047
562744641
396776857
184643248
806596462
250218324
718427007
746895374
861990096
468271030
270469649
900077852
971908774
778592565
681120035
528125782
930175762
366848507
780656649
565002682
604449910
126524434
4148223
269835790
102860521
121632126
882317332
901652235
304883762
428454087
519692678
725840563
622053457
781147876
773592132
678588492
650956015
420506214
675128902
609982390
858192016
722778716
867674017
24027951
594021953
785048271
360126822
767436044
352819621
438511324
462965988
285178763
80237467
272529138
456131634
965378788
375213772
553693480
35282869
83453309
195421269
414347909
143327142
260443045
457684057
555029498
252824940
879905406
997704840
515597706
257247041
445424931
431979499
285914565
584996113
348569092
761216452
935459974
996493398
394965208
553790050
362445712
243855184
694254678
812513351
355644517
13909209
852118076
934842626
595076199
40937681
552117666
632846776
711068895
740480415
640795468
405457805
355267436
457513603
423268630
504585138
883953720
533801844
640600631
423876275
91709577
820842624
446063560
303759325
552463938
360057613
993034942
987893431
530638881
608444356
326390111
427099380
793316870
331535687
50022823
570152453
504861444
336045473
335024601
702710983
65979953
733450279
754862715
299021516
242222137
65292811
6394084
431953816
355854200
486213749
612314391
202247185
460656536
728559520
467243769
48585194
561626068
414000528
832574298
922970803
507868314
364274267
907199795
495009277
796713615
133117663
752879019
461789976
992327735
695204660
142352019
655608612
599581362
749491338
89922521
52957992
740343774
782836632
197760607
294640151
214901024
643544050
949513635
462151017
215878808
930268103
427236491
241704869
625706164
923594332
625166693
531795126
804136280
175222465
673952470
118017895
294586281
475627534
580342247
738062001
128024463
478536537
226237987
669157225
893248975
307994348
153721241
367082507
719179614
460826970
846866360
713022064
128964934
325293134
762067986
643281480
603020282
189840981
923921634
841016973
230815545
898014347
658629402
104675513
876370428
47800954
977559723
950116051
428697214
211474593
789858831
18747242
35104228
558268489
850046887
632426819
303081153
164530264
348693223
447935563
755320829
688506155
670090484
494400096
398776410
994137768
345039348
845185899
913046221
859621189
848815945
314841711
666146739
160376444
245031074
116022082
52451623
970146177
116348408
741430869
597520874
965807823
15562141
433110127
566415732
77259794
912764386
467070617
233771123
420228575
827597136
986867114
212203224
600939212
893723025
86805611
773773533
949514444
642090746
65062667
993644070
459964851
160619915
639234413
814979541
133208250
654069567
908986387
947972508
845383312
323717241
614264398
685106580
498232628
64349373
76890198
977729638
893109963
916600381
275533127
917497580
310667794
185659405
316616624
515707684
215470504
945926712
89214725
659612700
466960131
21328934
353763361
503213476
510540052
719279918
602176360
822617566
859742759
262586163
448595257
891462840
257975098
567384685
462062160
128617977
228400058
809418387
152125042
944615190
525669791
766313165
678497374
401769157
930112763
152136135
513695182
597760209
625493910
465012936
455719560
938981989
657999406
65339382
539253430
700455248
125917606
210025120
911473395
595038198
11440909
489798950
144193249
541155740
690254028
134671594
164512981
578293142
303267498
598807757
316183986
227090828
21387745
187124729
821574340
45094473
477580212
808614567
265512552
592533383
317791172
874956941
601599268
532541918
841277993
193874549
960116642
108011031
828836520
879984403
959564181
826410226
100018103
338094411
911446580
822872667
738959748
684837174
262326621
655230274
931893802
362994907
658672943
588163140
177372292
689769932
614654077
943266604
574138879
720560971
689668051
546359276
358927314
826129412
215657929
228264835
31243314
227290483
922269087
355839373
937009717
823268315
961233592
748839585
989942872
603427472
435505586
603354236
189202355
918261671
71692481
920254814
764115952
421721501
416410005
382214335
631205447
478504268
230262334
27217174
134404840
314294306
183000791
564154241
883349473
633997033
621886342
475374627
326788670
47217097
350657168
12015660
27861008
243229893
194338058
321254507
393197419
187228443
405093792
591496083
321383808
695103128
489371211
640252178
505710712
930374125
914906634
60930461
448792618
515854989
143396115
792306805
29860764
327006775
586844762
911357297
192173158
609339097
461332865
2385312
927526996
448617215
899045127
182445666
187270338
103580774
613487737
890799168
648524736
922549494
721182743
604652688
996888368
129524915
924754957
79956047
990222669
723562789
971921234
685214411
871231503
614230862
227901829
364174535
73056895
893219474
947103969
574204035
509045113
286263629
508666492
683458542
883904230
544767822
954426141
139071011
614510156
809230435
840648958
17077679
784233493
919055300
698415208
607466055
942420979
872053205
104615193
952190560
823645078
959405372
597637035
790876329
968891310
719688818
707196837
318016055
562117544
816633419
240673347
830382984
31068550
628999364
525516406
662477779
84515875
737145527
553714265
773457621
270678795
316885022
302803332
353322730
743501451
989651805
599618528
454954357
299489326
920154158
994566524
253050841
756331526
910092470
85892617
724882986
480843032
459664503
249830965
612201941
416674267
195455629
808772412
696382402
665927557
797878177
954489810
720214058
845660442
200677779
829843250
647579915
469939370
428854361
209745398
679045946
48669535
870090341
938375864
670284351
452501699
510848235
796801774
647465722
634068625
549746089
55260845
680368006
860328303
594499073
771765757
771560045
905016006
680766925
164397815
887345983
961436849
806008178
144446118
189771968
576799585
828003940
405459262
436264731
602366773
505584576
543718472
848555008
923998683
717728769
23768732
6628944
854600371
485557651
268320465
664603929
325820749
677665181
995500976
774600589
194352326
294617438
676535240
643300759
449244210
201220234
166107323
298933923
409181744
451639395
850738287
181403004
759165679
684677114
407814720
715329805
171117475
336250481
309000101
249905259
553046169
336109262
370353855
996926658
120564726
437566162
487020563
507668705
256532016
677866420
100689671
481255060
860591366
75925954
448386677
922737849
399742784
185890589
141578866
321184051
928466712
85811155
44759189
271286237
94729219
494420277
679592377
514986527
942524769
870226597
241415449
36388538
910224364
338959198
476825453
253537560
992753729
647954433
164224723
595835411
278647245
617434460
874068735
482227556
987808517
116433958
364402280
98175992
208224246
972327365
146724410
137872643
933897975
177196426
79504
318290630
863214818
820637387
745637014
318002063
442502853
52496660
322967706
756140826
817710332
129209550
363711695
494294435
808359259
121552951
837519151
594879765
753242618
366841108
859221682
639471205
526563493
540562012
720886025
679906863
770790765
946959350
561788559
107889121
456858050
761060219
676338055
515175261
56041531
30397681
560019155
232520757
48985856
544426821
697451647
595490410
679482929
349878345
954622706
741511655
94993092
453199118
22829078
125034477
672367453
376408648
268772417
669501657
457536270
434143334
5249559
78866813
774781250
284509164
835844964
498405223
203514889
699701630
93252850
240936220
550026102
40627353
847623393
380054439
45296841
102642688
831744229
26166144
941182179
161305545
208347122
13405698
244327027
320298298
154115224
56765258
744073398
354297819
24859814
93443261
145566781
419863627
469691619
788812887
721530535
740088331
235381243
381523545
39867259
229184694
49043725
283956869
769519683
215130663
163812704
502500455
940582473
935521617
750713312
728879261
588006643
264356009
998063316
905658265
57347028
344969431
291787847
240123817
242906790
655009209
844605817
665061897
753933192
673292665
444192556
992664876
582918547
475681505
764256751
497392425
848611565
665174218
297722421
584583510
709217466
818940205
464577834
228537440
382266167
396326112
280890215
650168793
605910685
554612838
952991848
160989688
921467859
227307251
405034590
91934649
478506063
29164290
401966389
771190736
457394043
701006402
638244900
212870526
700517218
568845048
141043854
864638069
177931827
490927147
852371651
357040579
823396965
881605801
994997665
49407674
656197493
303039652
834913654
117798671
568086473
52112188
367450248
208949999
126899784
401290832
506722556
734214157
487269083
153329430
876394397
341346084
355330672
564710723
665518156
492257430
755284891
821847113
427078850
444258552
387323614
241929735
352731299
705261552
430070578
664250655
473838612
143218690
490202243
129117817
271937478
268021406
311736623
649447015
391541076
863604621
557605328
63432606
978704294
19040552
471322270
493185599
288893601
492566833
596084368
722312780
310910974
171085468
638109786
171926294
23087333
236931442
974039215
854558255
229091991
517242452
158058214
838136505
916468234
815403043
668837295
278930376
95524239
350915974
390890484
72970454
770706153
227349079
580122815
652755668
51743187
876067173
9351738
473202034
494541945
24693417
357032943
672309044
876856494
771153142
598925278
387697618
424603789
613915964
518225928
959885218
587674421
404947555
711507917
483034838
799714555
223740269
23123441
610500893
287959471
803956864
521205022
352013262
562752322
206000125
22918139
524147549
57099627
393576651
133875662
924779031
908085283
293263767
348119999
922170485
359576768
258554544
488450546
273598075
854724477
542977299
893817402
6108859
823779161
927145440
138726990
691637895
236661495
193066506
404298400
527074346
23648470
913425020
393099536
335027162
581134401
181075926
916101791
690756169
425173501
681997901
373978432
250141084
696035007
497039678
91416414
748361340
708393252
66025808
621664866
893607143
290087305
38470763
177189995
239944684
149169190
77706219
272894921
230057868
77329501
147124808
563950391
10386193
30935536
953474603
580844696
980512414
311176996
465173162
219219561
498861877
163741315
24077047
190491092
199703651
637580844
431578109
781039315
706431241
85957629
231395556
384470516
109378752
527082625
320028458
849764812
885437117
13349999
203695098
923812258
111682974
457917948
315938309
653711718
442346456
752922548
711038637
443734744
338346209
478163511
801543681
724876445
554931905
926771050
902883112
691489979
53598583
191192503
469771537
848742558
933177375
428795143
294805856
992419570
193722008
768189691
85012144
26691266
724362524
314210148
140868967
937346865
160878442
292070935
205211717
265164489
178475673
809303766
190864234
808913584
611049511
479603708
766556041
878829356
291759524
979995595
379243987
322114780
125475469
625062898
770220222
246360279
975487377
707097719
165532337
862816598
89010191
70969882
587269653
232616697
158064619
785123374
465307659
880882091
685563551
463845589
743538342
662083616
347857578
114294260
51704527
601964194
856344542
70363774
966505486
925079712
412479194
609043022
694337022
962473012
841345239
581511143
272969239
479541139
449059752
305093356
389898122
134453570
891603119
535608621
966879193
779355132
861543547
982100038
777199995
45372499
831807566
770326250
660624720
314554632
575199602
151323436
825760396
737985374
582824568
275942382
42939473
51283003
39424489
43643640
912985762
685229679
564887233
492144303
874214085
560929117
371945833
734878486
440223012
341312334
633645633
235559479
844249574
320762204
211394574
797156443
574037289
688628980
124360506
424944334
651501324
949624199
342786935
927301103
794757191
818835774
502262895
420265496
570162652
816749141
143025070
694687819
945867014
423033352
552711859
697306303
427252392
848315251
87775183
4563126
648017185
941665949
850039807
968706577
872741335
906010306
43904033
504534597
378016170
606390301
681612476
6004291
426000287
683023202
26477514
53642172
955172279
200556478
886119200
299367296
478950206
261336138
579428032
729610413
418011914
598111863
152491996
665600315
4004122
311115394
650594776
377559448
627023609
864689448
759921768
789468201
991536318
817360676
182415111
509153714
783742722
363347747
157247457
376089957
778470959
611636564
824013211
871658750
165230893
902001320
374789318
798664078
517908486
647055447
214197740
169019003
637777011
398065747
238923148
626634516
116820710
318268894
258804921
394820346
99418150
303436830
860912929
278281262
522672159
918939108
765559165
321469859
7030481
160035794
44225051
909708535
766989311
803124918
869755647
535306744
685494074
777146308
337858328
209797227
168567535
142459775
292348722
169015648
788868584
923675514
814439826
880335979
257263239
274160232
819956494
335480483
265590008
951035390
605929221
177140495
989447467
964124428
839772379
556983320
434332331
559579728
51225227
314088377
300621454
53129385
944194161
687790888
714205581
262553803
372399270
192461497
468300392
921076454
600036600
450941057
81711616
349397216
488125921
54669427
603945235
363714728
687129469
912459846
810485640
957377095
704585474
191513395
888645092
989018043
725714321
835602914
972126169
4708835
556237702
116486524
179157700
438782759
96826611
984913826
890905867
641791148
777941041
786679950
937282100
525356411
891257404
898218663
782449772
410820565
135909665
961219234
100140632
525420385
348506621
996603175
337574897
178535860
401507254
250659084
20981061
624986236
57230953
128812603
709634397
714385715
680107939
325211021
628851190
460466343
463979402
700844707
901739916
59185380
446607991
540828253
288833389
170308061
863773926
189418801
211819656
392832636
609445265
953586774
108625353
959992691
847177612
762993788
760822924
576368480
990533063
832399874
759307961
133602271
150408493
951529420
751040848
276120397
30570219
398274127
193256696
232470082
493012791
446737033
409503787
379044739
950892715
133619769
384033236
202527584
891148052
88119511
587567531
910026827
865290350
289889739
560462002
949069444
827239897
810196479
951571629
395132764
574776832
945067060
282058608
695884569
737283717
29340168
102300855
261845194
211031515
520420550
94631001
978297755
38450376
184783000
110939899
742006533
87845497
816698690
